 839 4675
 484 79092
 409 75078
 409 25993
 404 3853
 299 75834
 299 6977
 295 32270
 247 42085
 239 17308
 236 1020
 220 13878
 204 42093
 192 18418
 186 7543
 167 23921
 163 278393
 161 34924
 157 79121
 137 28149
 136 18072
 135 20364
 129 39262
 127 14354
 126 23096
 115 75901
 113 15064
 108 33054
 104 20897
  99 33642
  92 972
  91 34950
  91 14570
  88 27124
  87 73756
  84 33248
  83 79299
  83 17249
  81 15714
  79 31441
  79 15716
  78 32642
  76 917
  73 73815
  73 20299
  72 35376
  68 28294
  67 20292
  66 81350
  65 45904
  65 39883
  65 39264
  65 29304
  65 18913
  63 391
  62 42031
  62 40867
  58 16191
  57 7678
  57 38704
  57 17278
  56 3130
  54 34817
  53 27082
  53 20351
  52 1937
  51 23497
  50 37260
  50 36480
  50 31825
  49 15369
  48 971
  48 20293
  47 74310
  46 33146
  45 5173
  45 43876
  45 41594
  45 3264
  45 25231
  45 17226
  43 74995
  43 38719
  42 74754
  42 37651
  42 16639
  40 41758
  40 40997
  40 37793
  40 25287
  40 1969
  40 16443
  39 45300
  39 17849
  38 44722
  38 27356
  38 27348
  38 15022
  37 79363
  37 27416
  37 19998
  36 35498
  36 33147
  36 23990
  35 74883
  35 15720
  34 78563
  34 74302
  34 45481
  34 45444
  34 20279
  33 5112
  33 38972
  33 20294
  33 20222
  32 6921
  32 6725
  32 45790
  32 45019
  32 38470
  32 34026
  32 33111
  32 26437
  32 25274
  32 22682
  31 73144
  31 41314
  31 38391
  31 28315
  31 23194
  31 1003
  30 20349
  30 20271
  30 17183
  29 39879
  29 38392
  29 25098
  29 24016
  28 43877
  28 19722
  27 44812
  27 40630
  27 39333
  27 37734
  27 37639
  27 27323
  27 23964
  27 1581
  26 74909
  26 34861
  26 27755
  26 16018
  26 15672
  26 14960
  25 78972
  25 78311
  25 77300
  25 74001
  25 70452
  25 5893
  25 40069
  25 39939
  25 39331
  25 38710
  25 33249
  25 31232
  25 25241
  24 974
  24 969
  24 78591
  24 76860
  24 4605
  24 43952
  24 33150
  24 25749
  24 16767
  24 1281
  23 75047
  23 43452
  23 40237
  23 39332
  23 37951
  23 37942
  23 35540
  23 302049
  23 25270
  23 20733
  23 16116
  22 80195
  22 76446
  22 75649
  22 42508
  22 35068
  22 28586
  22 23965
  22 23181
  22 20226
  22 19989
  22 15365
  21 79543
  21 79021
  21 45652
  21 42972
  21 38124
  21 36429
  21 34954
  21 22662
  21 19945
  21 19310
  20 77178
  20 41569
  20 41279
  20 3661
  20 35792
  20 35788
  20 30583
  20 29100
  20 27287
  20 26360
  20 14666
  19 967
  19 915
  19 838
  19 79969
  19 77203
  19 75216
  19 74142
  19 6690
  19 44641
  19 40438
  19 38468
  19 34832
  19 34628
  19 34583
  19 34498
  19 20284
  19 15715
  19 1151
  18 919
  18 78176
  18 77295
  18 75338
  18 5906
  18 52683
  18 43714
  18 42006
  18 41378
  18 38751
  18 38725
  18 37807
  18 3719
  18 34958
  18 33149
  18 26431
  18 20281
  18 20272
  17 81355
  17 80151
  17 79168
  17 78327
  17 72024
  17 64721
  17 45610
  17 45337
  17 44944
  17 38482
  17 37732
  17 35531
  17 33241
  17 30570
  17 23961
  17 19666
  17 19484
  17 17292
  17 16985
  17 1023
  16 81524
  16 79422
  16 79141
  16 77993
  16 75954
  16 75639
  16 45990
  16 42976
  16 41470
  16 40202
  16 38480
  16 38469
  16 34580
  16 34516
  16 33329
  16 33151
  16 31983
  16 31661
  16 31299
  16 27785
  16 25570
  16 23966
  16 19723
  16 18688
  16 16232
  16 15805
  16 15030
  15 79285
  15 76416
  15 73876
  15 70453
  15 6449
  15 45856
  15 41325
  15 40919
  15 38860
  15 34982
  15 32634
  15 26391
  15 26313
  15 25885
  15 25328
  15 20312
  15 18058
  14 78919
  14 75179
  14 73547
  14 6960
  14 5045
  14 4673
  14 45143
  14 44987
  14 42914
  14 42654
  14 38723
  14 38707
  14 37709
  14 36463
  14 35790
  14 35528
  14 34433
  14 34005
  14 26430
  14 25442
  14 22680
  14 19399
  14 19312
  14 18394
  14 17296
  14 16333
  14 153
  13 80746
  13 80208
  13 79342
  13 78766
  13 75477
  13 75272
  13 74550
  13 58678
  13 45035
  13 44977
  13 44874
  13 43305
  13 39330
  13 37737
  13 34714
  13 31352
  13 29697
  13 29024
  13 25812
  13 25322
  13 23986
  13 20231
  13 189629
  13 16503
  13 15710
  13 14914
  13 1014
  13 0
  12 80905
  12 80830
  12 78849
  12 77659
  12 77561
  12 75787
  12 75324
  12 72201
  12 6104
  12 45974
  12 45828
  12 45349
  12 44781
  12 42367
  12 42208
  12 41649
  12 38481
  12 37439
  12 37138
  12 36731
  12 34434
  12 34346
  12 33239
  12 31613
  12 31369
  12 31183
  12 3069
  12 3003
  12 27727
  12 27122
  12 25883
  12 25744
  12 25103
  12 20701
  12 19751
  12 15915
  12 15797
  12 15739
  12 15723
  12 15679
  12 14854
  12 1022
  11 81070
  11 80501
  11 80381
  11 80313
  11 80207
  11 80202
  11 79328
  11 75876
  11 75057
  11 74478
  11 73536
  11 68726
  11 5502
  11 45784
  11 44914
  11 44655
  11 43147
  11 41642
  11 38718
  11 38205
  11 36267
  11 34748
  11 33229
  11 31200
  11 27623
  11 27178
  11 26986
  11 26808
  11 25865
  11 25565
  11 25305
  11 25279
  11 23968
  11 2235
  11 22282
  11 20287
  11 17825
  11 15884
  10 79323
  10 79228
  10 78518
  10 78399
  10 78360
  10 78175
  10 75443
  10 74593
  10 74115
  10 6720
  10 6215
  10 6094
  10 45412
  10 44909
  10 43302
  10 41643
  10 41234
  10 40531
  10 39631
  10 39339
  10 38268
  10 38119
  10 37943
  10 36050
  10 35916
  10 35625
  10 35499
  10 34871
  10 33423
  10 33323
  10 33245
  10 33235
  10 33233
  10 33148
  10 31990
  10 30932
  10 30839
  10 29693
  10 2925
  10 28472
  10 28340
  10 25985
  10 25677
  10 23994
  10 23127
  10 22598
  10 22430
  10 21915
  10 19843
  10 18381
  10 18229
  10 16933
  10 16145
  10 1008
   9 80819
   9 80723
   9 80566
   9 80473
   9 80210
   9 80199
   9 78970
   9 78745
   9 78405
   9 77945
   9 76465
   9 75045
   9 74555
   9 74466
   9 74463
   9 74283
   9 73798
   9 6964
   9 6042
   9 5764
   9 4684
   9 45624
   9 45185
   9 45089
   9 44814
   9 44724
   9 43906
   9 43085
   9 42977
   9 42479
   9 42347
   9 41128
   9 41116
   9 40729
   9 40456
   9 39600
   9 39325
   9 3826
   9 36646
   9 36575
   9 35708
   9 35017
   9 34808
   9 34718
   9 34536
   9 34345
   9 33243
   9 33231
   9 33155
   9 28441
   9 28360
   9 28074
   9 27589
   9 25753
   9 25740
   9 25731
   9 25416
   9 23567
   9 2252
   9 20487
   9 1732
   9 16826
   9 16798
   9 16512
   9 16034
   9 15007
   9 14845
   9 14725
   9 14662
   9 1041
   8 861
   8 81297
   8 80799
   8 80774
   8 80762
   8 80638
   8 80174
   8 79296
   8 78855
   8 78845
   8 78320
   8 77213
   8 77049
   8 75245
   8 74717
   8 74627
   8 74411
   8 74236
   8 74196
   8 74016
   8 73561
   8 73214
   8 698
   8 6302
   8 60782
   8 5410
   8 5372
   8 5349
   8 52684
   8 45127
   8 44976
   8 44900
   8 43646
   8 43395
   8 43027
   8 42769
   8 42680
   8 41992
   8 41576
   8 41570
   8 41385
   8 41371
   8 41235
   8 40862
   8 40420
   8 40061
   8 39863
   8 39323
   8 39252
   8 38279
   8 37557
   8 37008
   8 36976
   8 35451
   8 35066
   8 34886
   8 34591
   8 34579
   8 34432
   8 34431
   8 33996
   8 33237
   8 33154
   8 32236
   8 30628
   8 29621
   8 2809
   8 27750
   8 27714
   8 25988
   8 25890
   8 25882
   8 25705
   8 25240
   8 25192
   8 24887
   8 23842
   8 22391
   8 20743
   8 20332
   8 20289
   8 20273
   8 19842
   8 19823
   8 16989
   8 16988
   8 16524
   8 16464
   8 16176
   8 16174
   8 16172
   8 15798
   8 15356
   8 14955
   7 954
   7 932
   7 91819
   7 81476
   7 81450
   7 81360
   7 81044
   7 80802
   7 80780
   7 80772
   7 80766
   7 80574
   7 80483
   7 80212
   7 80193
   7 80063
   7 79934
   7 79440
   7 78438
   7 78023
   7 76880
   7 75033
   7 728
   7 72126
   7 676
   7 6712
   7 5676
   7 5390
   7 5371
   7 53101
   7 4650
   7 45517
   7 45192
   7 43872
   7 43023
   7 42388
   7 42362
   7 42313
   7 42228
   7 41825
   7 41441
   7 41334
   7 41296
   7 40864
   7 39628
   7 39518
   7 39511
   7 39327
   7 39143
   7 38
   7 36927
   7 36674
   7 3617
   7 36031
   7 35952
   7 35754
   7 35733
   7 34810
   7 34562
   7 34451
   7 34430
   7 34429
   7 34287
   7 34230
   7 33411
   7 33234
   7 33232
   7 31671
   7 31652
   7 28562
   7 28322
   7 2824
   7 27728
   7 26411
   7 26410
   7 25734
   7 25569
   7 25280
   7 25278
   7 23987
   7 23465
   7 23164
   7 22390
   7 22281
   7 21751
   7 20270
   7 18373
   7 16923
   7 16162
   7 16033
   7 16022
   7 16008
   7 15913
   7 15818
   7 15702
   7 15701
   7 15675
   7 14956
   7 1098
   6 975
   6 94136
   6 927
   6 920
   6 90526
   6 85565
   6 81316
   6 81295
   6 80900
   6 80881
   6 80868
   6 80809
   6 80804
   6 80779
   6 80773
   6 80769
   6 80754
   6 80701
   6 80551
   6 80458
   6 80440
   6 80177
   6 80076
   6 79623
   6 79313
   6 79311
   6 79273
   6 78982
   6 78842
   6 78422
   6 78372
   6 78241
   6 78240
   6 78192
   6 78184
   6 78167
   6 77996
   6 77943
   6 77385
   6 76873
   6 7677
   6 76551
   6 76299
   6 75943
   6 75718
   6 75329
   6 74726
   6 74679
   6 74629
   6 74592
   6 74390
   6 74213
   6 74212
   6 740
   6 73904
   6 73586
   6 73194
   6 73145
   6 73110
   6 73106
   6 6705
   6 6688
   6 6502
   6 6016
   6 5695
   6 45815
   6 45580
   6 45325
   6 45104
   6 44920
   6 44858
   6 44731
   6 44451
   6 43742
   6 43695
   6 43431
   6 42770
   6 42015
   6 41497
   6 41312
   6 41269
   6 41115
   6 40331
   6 40189
   6 39630
   6 39396
   6 39395
   6 39393
   6 39329
   6 39324
   6 38722
   6 38721
   6 37672
   6 37653
   6 37445
   6 37155
   6 37103
   6 37094
   6 37009
   6 36997
   6 36602
   6 36500
   6 36237
   6 36152
   6 36020
   6 35897
   6 35526
   6 35381
   6 34689
   6 34576
   6 34542
   6 34148
   6 33989
   6 33238
   6 33153
   6 33080
   6 32174
   6 31859
   6 31760
   6 3124
   6 312046
   6 30999
   6 30564
   6 29708
   6 29082
   6 28510
   6 27736
   6 27401
   6 27314
   6 27188
   6 26972
   6 26913
   6 25989
   6 25831
   6 25732
   6 25703
   6 25628
   6 25624
   6 25552
   6 25269
   6 25266
   6 25238
   6 23970
   6 23960
   6 22956
   6 21710
   6 21448
   6 21432
   6 21307
   6 20737
   6 20296
   6 20218
   6 19752
   6 19481
   6 18897
   6 18605
   6 18221
   6 16768
   6 16636
   6 16265
   6 16219
   6 16214
   6 16003
   6 15815
   6 15680
   6 15677
   6 15361
   6 1529
   6 15023
   6 1115
   5 99461
   5 98053
   5 980
   5 977
   5 976
   5 935
   5 89850
   5 836
   5 81482
   5 81298
   5 81296
   5 81076
   5 80904
   5 80877
   5 80842
   5 80837
   5 80807
   5 80770
   5 80734
   5 80669
   5 80660
   5 80656
   5 80653
   5 80637
   5 80591
   5 80556
   5 80553
   5 80541
   5 80528
   5 80507
   5 80487
   5 80368
   5 80351
   5 80251
   5 80247
   5 80239
   5 80222
   5 80215
   5 80213
   5 80203
   5 80179
   5 80160
   5 80025
   5 80022
   5 79992
   5 79954
   5 79620
   5 79602
   5 79325
   5 79324
   5 79035
   5 78598
   5 78516
   5 78398
   5 78185
   5 77500
   5 77246
   5 77216
   5 77198
   5 76917
   5 75815
   5 75708
   5 75600
   5 75511
   5 75468
   5 75327
   5 75308
   5 75305
   5 75270
   5 74874
   5 74735
   5 74728
   5 74431
   5 74342
   5 74106
   5 741
   5 74044
   5 73229
   5 73228
   5 732
   5 73108
   5 72345
   5 71931
   5 710
   5 707
   5 684
   5 6711
   5 6195
   5 60007
   5 59756
   5 58928
   5 5729
   5 55932
   5 5340
   5 51987
   5 4696
   5 4685
   5 45634
   5 45338
   5 45333
   5 45324
   5 45241
   5 45207
   5 45055
   5 43930
   5 43650
   5 43643
   5 43629
   5 43425
   5 43386
   5 43264
   5 42768
   5 42710
   5 42611
   5 42431
   5 42378
   5 42226
   5 41618
   5 40955
   5 40779
   5 40777
   5 40519
   5 40474
   5 40453
   5 39720
   5 39615
   5 39488
   5 39473
   5 39450
   5 39449
   5 39447
   5 39397
   5 39394
   5 39382
   5 39322
   5 39182
   5 38708
   5 38659
   5 38657
   5 38656
   5 38655
   5 37981
   5 37789
   5 37785
   5 37410
   5 37326
   5 3716
   5 37124
   5 36961
   5 36610
   5 36551
   5 35940
   5 35828
   5 35793
   5 35791
   5 35648
   5 35525
   5 35502
   5 35444
   5 35407
   5 35296
   5 35190
   5 35027
   5 34882
   5 34800
   5 34797
   5 34730
   5 34688
   5 34581
   5 34105
   5 34095
   5 33340
   5 33240
   5 33236
   5 33230
   5 33152
   5 31993
   5 31960
   5 31854
   5 31842
   5 31823
   5 31693
   5 31662
   5 31220
   5 312130
   5 31193
   5 31044
   5 30952
   5 30865
   5 30858
   5 29695
   5 29688
   5 29634
   5 28943
   5 28893
   5 28834
   5 28660
   5 28579
   5 28109
   5 28083
   5 27826
   5 27729
   5 27723
   5 27299
   5 27264
   5 2642
   5 26398
   5 25886
   5 25829
   5 25788
   5 25638
   5 25554
   5 25553
   5 25536
   5 23875
   5 23722
   5 23499
   5 2341
   5 23179
   5 23086
   5 22271
   5 21750
   5 21718
   5 20747
   5 20331
   5 20115
   5 19964
   5 19949
   5 19802
   5 19713
   5 19712
   5 19303
   5 18339
   5 1805
   5 16294
   5 16271
   5 16241
   5 16201
   5 16199
   5 16023
   5 15868
   5 15864
   5 15727
   5 15668
   5 14939
   5 14818
   5 1287
   5 1250
   4 996
   4 973
   4 95247
   4 941
   4 931
   4 91749
   4 87824
   4 87711
   4 8708
   4 87066
   4 86321
   4 85557
   4 84709
   4 846
   4 84070
   4 84052
   4 83272
   4 83226
   4 83168
   4 82329
   4 81472
   4 81364
   4 81319
   4 81238
   4 81043
   4 81026
   4 80985
   4 80978
   4 80951
   4 80934
   4 80888
   4 80873
   4 80853
   4 80816
   4 80813
   4 80812
   4 80801
   4 80778
   4 80765
   4 80742
   4 80727
   4 80721
   4 80715
   4 80707
   4 80696
   4 80687
   4 80682
   4 80673
   4 80664
   4 80642
   4 80594
   4 80587
   4 80570
   4 80550
   4 80549
   4 80538
   4 80495
   4 80494
   4 80488
   4 80416
   4 80411
   4 80242
   4 80229
   4 80217
   4 80192
   4 80190
   4 80181
   4 80180
   4 80141
   4 80131
   4 80085
   4 80005
   4 79965
   4 79950
   4 79948
   4 79944
   4 79814
   4 79617
   4 79562
   4 79361
   4 79327
   4 79316
   4 79310
   4 79276
   4 79208
   4 79200
   4 79197
   4 79131
   4 79019
   4 79007
   4 79006
   4 78925
   4 78909
   4 78865
   4 78840
   4 78816
   4 78749
   4 78722
   4 78694
   4 78272
   4 78246
   4 78150
   4 78122
   4 78108
   4 78106
   4 77953
   4 77466
   4 76884
   4 76844
   4 76556
   4 76545
   4 75952
   4 75624
   4 75507
   4 75447
   4 75445
   4 75328
   4 75320
   4 75290
   4 75232
   4 75214
   4 75212
   4 75052
   4 74982
   4 74965
   4 74902
   4 74867
   4 74686
   4 74506
   4 74490
   4 74383
   4 74347
   4 74164
   4 74161
   4 74132
   4 74038
   4 73814
   4 73493
   4 73186
   4 73176
   4 73170
   4 73102
   4 72168
   4 71972
   4 715
   4 71430
   4 71236
   4 706
   4 70202
   4 67717
   4 6723
   4 61234
   4 59086
   4 58069
   4 5451
   4 5393
   4 5342
   4 4674
   4 45773
   4 45743
   4 45378
   4 45237
   4 45215
   4 45014
   4 44912
   4 44821
   4 44644
   4 44216
   4 43953
   4 43909
   4 43894
   4 43863
   4 43759
   4 43663
   4 43638
   4 43603
   4 43416
   4 43387
   4 43338
   4 43294
   4 43194
   4 43122
   4 43017
   4 42733
   4 42732
   4 42690
   4 42681
   4 42668
   4 42612
   4 42610
   4 42608
   4 42593
   4 42532
   4 42444
   4 42380
   4 42135
   4 42132
   4 42021
   4 41971
   4 41932
   4 41698
   4 41591
   4 41582
   4 41430
   4 41298
   4 40848
   4 40712
   4 40702
   4 40698
   4 40462
   4 40440
   4 40391
   4 40328
   4 40062
   4 39937
   4 39888
   4 39476
   4 39392
   4 39342
   4 39183
   4 39177
   4 39160
   4 38964
   4 38943
   4 38852
   4 38726
   4 38706
   4 38605
   4 38589
   4 38587
   4 38237
   4 38112
   4 37630
   4 37622
   4 37462
   4 37427
   4 37089
   4 36887
   4 36686
   4 36326
   4 36250
   4 36207
   4 36005
   4 35973
   4 35929
   4 35914
   4 35903
   4 35529
   4 35332
   4 35278
   4 35210
   4 35197
   4 35134
   4 34887
   4 34869
   4 34865
   4 34795
   4 34780
   4 34700
   4 34577
   4 34525
   4 34483
   4 34327
   4 34247
   4 34223
   4 34215
   4 34211
   4 34173
   4 34074
   4 34063
   4 34056
   4 34039
   4 33592
   4 33354
   4 33326
   4 33324
   4 33217
   4 33194
   4 33125
   4 32997
   4 32398
   4 32114
   4 32032
   4 31996
   4 31942
   4 31853
   4 31702
   4 31614
   4 31492
   4 31461
   4 31401
   4 31374
   4 31246
   4 31224
   4 31223
   4 31222
   4 31205
   4 312039
   4 31009
   4 30911
   4 30845
   4 30840
   4 29922
   4 29119
   4 29095
   4 29058
   4 28853
   4 28572
   4 28568
   4 28566
   4 28552
   4 28494
   4 28490
   4 28486
   4 28105
   4 2789
   4 27786
   4 27295
   4 27258
   4 26971
   4 26898
   4 26436
   4 26399
   4 26396
   4 26380
   4 26346
   4 26323
   4 25814
   4 25738
   4 25729
   4 25701
   4 25696
   4 25643
   4 256
   4 25562
   4 25559
   4 25304
   4 25265
   4 25210
   4 25057
   4 23978
   4 23974
   4 23969
   4 23820
   4 23732
   4 23728
   4 23701
   4 23568
   4 23459
   4 23094
   4 23090
   4 22671
   4 22484
   4 22402
   4 22318
   4 21811
   4 216
   4 21446
   4 21428
   4 21415
   4 20883
   4 20744
   4 20732
   4 20396
   4 20297
   4 20291
   4 20274
   4 20268
   4 19982
   4 19975
   4 19962
   4 19946
   4 19816
   4 19272
   4 18519
   4 18255
   4 18063
   4 17791
   4 17092
   4 16834
   4 16794
   4 16764
   4 16606
   4 16495
   4 16411
   4 16358
   4 16306
   4 16070
   4 15910
   4 15806
   4 15747
   4 15698
   4 15697
   4 15662
   4 15059
   4 15019
   4 14999
   4 14997
   4 14937
   4 14897
   4 14848
   4 116988
   4 116247
   4 116246
   4 1109
   4 109182
   4 105471
   4 100973
   3 99989
   3 99954
   3 998
   3 98494
   3 982
   3 97515
   3 97017
   3 96928
   3 96408
   3 95940
   3 95755
   3 93757
   3 93618
   3 93617
   3 933
   3 928
   3 924
   3 91176
   3 89859
   3 88505
   3 88479
   3 88412
   3 87843
   3 87821
   3 87802
   3 87091
   3 87089
   3 86316
   3 85559
   3 849
   3 84820
   3 84817
   3 84804
   3 84797
   3 84049
   3 84016
   3 837
   3 832
   3 83108
   3 82383
   3 82308
   3 81517
   3 81458
   3 81390
   3 81317
   3 81272
   3 81266
   3 81091
   3 80987
   3 80984
   3 80973
   3 80947
   3 80940
   3 80937
   3 80906
   3 80902
   3 80901
   3 80897
   3 80896
   3 80882
   3 80872
   3 80861
   3 80860
   3 80848
   3 80838
   3 80831
   3 80815
   3 80805
   3 80784
   3 80756
   3 80741
   3 80738
   3 80736
   3 80732
   3 80725
   3 80718
   3 80714
   3 80713
   3 80708
   3 80698
   3 80693
   3 80688
   3 80668
   3 80667
   3 80663
   3 80654
   3 80652
   3 80647
   3 80641
   3 80605
   3 80586
   3 80564
   3 80562
   3 80555
   3 80548
   3 80546
   3 80539
   3 80531
   3 80519
   3 80503
   3 80500
   3 80498
   3 80492
   3 80481
   3 80476
   3 80445
   3 80407
   3 80383
   3 80371
   3 80326
   3 80320
   3 80308
   3 80307
   3 80259
   3 80246
   3 80237
   3 80234
   3 80232
   3 80228
   3 80211
   3 80197
   3 80191
   3 80188
   3 80185
   3 80168
   3 80157
   3 80156
   3 80155
   3 80154
   3 80153
   3 80143
   3 80137
   3 80101
   3 80094
   3 80057
   3 80021
   3 79974
   3 79964
   3 79956
   3 79955
   3 79926
   3 79888
   3 79875
   3 79850
   3 79821
   3 79815
   3 79625
   3 79624
   3 79616
   3 79613
   3 79611
   3 79552
   3 79353
   3 79341
   3 79329
   3 79326
   3 79315
   3 79309
   3 79226
   3 79160
   3 79130
   3 79091
   3 79085
   3 79047
   3 79020
   3 79000
   3 78887
   3 78868
   3 78844
   3 78841
   3 78833
   3 78721
   3 78713
   3 78697
   3 78696
   3 78603
   3 78602
   3 78592
   3 78570
   3 78560
   3 78556
   3 78555
   3 78554
   3 78543
   3 78532
   3 78529
   3 78436
   3 78435
   3 78429
   3 78369
   3 78287
   3 78271
   3 78270
   3 78227
   3 78226
   3 78196
   3 78092
   3 78089
   3 78085
   3 78079
   3 78002
   3 77955
   3 77951
   3 77949
   3 77510
   3 77491
   3 77425
   3 77387
   3 77362
   3 77262
   3 77235
   3 77181
   3 77163
   3 77098
   3 76876
   3 76799
   3 76784
   3 76630
   3 76605
   3 76565
   3 76557
   3 76554
   3 76553
   3 76500
   3 76436
   3 76429
   3 76415
   3 75959
   3 75940
   3 75817
   3 75783
   3 75685
   3 75658
   3 75628
   3 75532
   3 75529
   3 75476
   3 75472
   3 75463
   3 7541
   3 75335
   3 75334
   3 75303
   3 75278
   3 75213
   3 75210
   3 75206
   3 75029
   3 74986
   3 74969
   3 74881
   3 74865
   3 74779
   3 74760
   3 74757
   3 74697
   3 74486
   3 74421
   3 74412
   3 74369
   3 74355
   3 74346
   3 74343
   3 74327
   3 74261
   3 74227
   3 74216
   3 74201
   3 74190
   3 74156
   3 74149
   3 74128
   3 74127
   3 74071
   3 74031
   3 74019
   3 73970
   3 73783
   3 73747
   3 73741
   3 73581
   3 73580
   3 73546
   3 73543
   3 73535
   3 73510
   3 73485
   3 73451
   3 73249
   3 73114
   3 73112
   3 73105
   3 73090
   3 73083
   3 73075
   3 73065
   3 73056
   3 72445
   3 72355
   3 71226
   3 71155
   3 708
   3 70504
   3 70484
   3 704
   3 70076
   3 699
   3 69642
   3 69390
   3 673
   3 6707
   3 6704
   3 6692
   3 6689
   3 6676
   3 6670
   3 6580
   3 6496
   3 6491
   3 6486
   3 6300
   3 6156
   3 60108
   3 59024
   3 59023
   3 5891
   3 57869
   3 5664
   3 5488
   3 5389
   3 5358
   3 5353
   3 52699
   3 52688
   3 52364
   3 48436
   3 4689
   3 4681
   3 46033
   3 45798
   3 45764
   3 45726
   3 45709
   3 45567
   3 45560
   3 45519
   3 45507
   3 45408
   3 45380
   3 45317
   3 45314
   3 45155
   3 45059
   3 45044
   3 45013
   3 44943
   3 44911
   3 44903
   3 44729
   3 44474
   3 44305
   3 43915
   3 43912
   3 43896
   3 43831
   3 43803
   3 43758
   3 43757
   3 43750
   3 43727
   3 43683
   3 43680
   3 43637
   3 43633
   3 43623
   3 43542
   3 43538
   3 43535
   3 43534
   3 43507
   3 43506
   3 43504
   3 43468
   3 43450
   3 43379
   3 43368
   3 43340
   3 43323
   3 43284
   3 43280
   3 43277
   3 43193
   3 43174
   3 43173
   3 43170
   3 43164
   3 43029
   3 43025
   3 43020
   3 42967
   3 42942
   3 42929
   3 42880
   3 42801
   3 42678
   3 42488
   3 42481
   3 42439
   3 42376
   3 42360
   3 42323
   3 42242
   3 42189
   3 42041
   3 41948
   3 41943
   3 41685
   3 41666
   3 41660
   3 41495
   3 41493
   3 41460
   3 41440
   3 41431
   3 41410
   3 41310
   3 41297
   3 41276
   3 41264
   3 41146
   3 40944
   3 40897
   3 40753
   3 40713
   3 40681
   3 40590
   3 40466
   3 40441
   3 40398
   3 40205
   3 40204
   3 40197
   3 40131
   3 40129
   3 40058
   3 40027
   3 40000
   3 39932
   3 39877
   3 39861
   3 39807
   3 39612
   3 39544
   3 39474
   3 39445
   3 39373
   3 39371
   3 39368
   3 39353
   3 39326
   3 39227
   3 39007
   3 38989
   3 38845
   3 38840
   3 38808
   3 38782
   3 38720
   3 38713
   3 3847
   3 38206
   3 3815
   3 38113
   3 38083
   3 37806
   3 37804
   3 37624
   3 37610
   3 37571
   3 37567
   3 37464
   3 37456
   3 37435
   3 37415
   3 37392
   3 37362
   3 37328
   3 36975
   3 36966
   3 36919
   3 36828
   3 36735
   3 36725
   3 3658
   3 36569
   3 36424
   3 36311
   3 36306
   3 36281
   3 36213
   3 36023
   3 35969
   3 35955
   3 35930
   3 35899
   3 35886
   3 35752
   3 35716
   3 35655
   3 35645
   3 35632
   3 35533
   3 35532
   3 35524
   3 35469
   3 35398
   3 35374
   3 35343
   3 35265
   3 35208
   3 35188
   3 35050
   3 35043
   3 35040
   3 34985
   3 34983
   3 34895
   3 34769
   3 34751
   3 34735
   3 34716
   3 34687
   3 34613
   3 34587
   3 34584
   3 34582
   3 34575
   3 34548
   3 34527
   3 34521
   3 34442
   3 34425
   3 34396
   3 34365
   3 34313
   3 34232
   3 34138
   3 34076
   3 34072
   3 33896
   3 33287
   3 33247
   3 33166
   3 33115
   3 33033
   3 32985
   3 32586
   3 32542
   3 32456
   3 32303
   3 32223
   3 32065
   3 31992
   3 31969
   3 31929
   3 31921
   3 31736
   3 31713
   3 31700
   3 31616
   3 31599
   3 31450
   3 31402
   3 31346
   3 31247
   3 31226
   3 312129
   3 312089
   3 31198
   3 31008
   3 30906
   3 30868
   3 30867
   3 30854
   3 30835
   3 30618
   3 30584
   3 30566
   3 29955
   3 29926
   3 29771
   3 29570
   3 29262
   3 29260
   3 29123
   3 29117
   3 29093
   3 29084
   3 29076
   3 29003
   3 28934
   3 28930
   3 28884
   3 28796
   3 28622
   3 28564
   3 28504
   3 28370
   3 28354
   3 28327
   3 28307
   3 28112
   3 28111
   3 28069
   3 27837
   3 27831
   3 27829
   3 27800
   3 27730
   3 27407
   3 27404
   3 27400
   3 27317
   3 27306
   3 27297
   3 27292
   3 27010
   3 26982
   3 26954
   3 26948
   3 26926
   3 26924
   3 26918
   3 26917
   3 26915
   3 26841
   3 26831
   3 26800
   3 26798
   3 2651
   3 26432
   3 25991
   3 25964
   3 25898
   3 25862
   3 25816
   3 25751
   3 25694
   3 25665
   3 25549
   3 25546
   3 25541
   3 25330
   3 25284
   3 23988
   3 23976
   3 23971
   3 23503
   3 23489
   3 2342
   3 23174
   3 23152
   3 23150
   3 23147
   3 2298
   3 22947
   3 22333
   3 21761
   3 21743
   3 21741
   3 21447
   3 21377
   3 21372
   3 20803
   3 20801
   3 20788
   3 20745
   3 20742
   3 20666
   3 20356
   3 20344
   3 20342
   3 20319
   3 20305
   3 203
   3 20286
   3 20275
   3 20208
   3 20178
   3 20097
   3 19980
   3 19965
   3 19850
   3 19815
   3 19764
   3 19731
   3 19708
   3 19650
   3 18640
   3 18524
   3 18407
   3 18405
   3 18277
   3 18254
   3 17813
   3 17171
   3 16801
   3 16631
   3 16591
   3 16491
   3 16472
   3 16351
   3 16342
   3 16281
   3 16251
   3 16236
   3 16218
   3 16213
   3 16175
   3 16143
   3 16089
   3 16071
   3 16064
   3 15938
   3 15922
   3 15911
   3 15908
   3 15778
   3 15732
   3 15703
   3 15673
   3 15368
   3 15360
   3 15024
   3 15020
   3 15013
   3 14998
   3 14936
   3 14929
   3 14925
   3 14924
   3 14912
   3 14910
   3 14852
   3 14846
   3 14831
   3 14665
   3 1465
   3 117196
   3 116517
   3 114445
   3 113728
   3 107221
   3 106563
   3 105770
   3 105470
   3 1028
   3 1025
   3 100474
   3 100037
   2 99947
   2 99881
   2 99556
   2 99482
   2 99478
   2 99064
   2 988
   2 98552
   2 98163
   2 98044
   2 97536
   2 97519
   2 97460
   2 97020
   2 96929
   2 96516
   2 96513
   2 96508
   2 96500
   2 95836
   2 95381
   2 95342
   2 94779
   2 94683
   2 94170
   2 94161
   2 939
   2 93610
   2 93015
   2 92982
   2 92936
   2 92895
   2 92383
   2 92329
   2 92326
   2 92280
   2 921
   2 91171
   2 91111
   2 91068
   2 91017
   2 90523
   2 90501
   2 90436
   2 90379
   2 89836
   2 89684
   2 89181
   2 89148
   2 89037
   2 88681
   2 87834
   2 87825
   2 87764
   2 87712
   2 87696
   2 87695
   2 87690
   2 87083
   2 87008
   2 86975
   2 86942
   2 86328
   2 86310
   2 86308
   2 86303
   2 86250
   2 86219
   2 86196
   2 86164
   2 85732
   2 85558
   2 85540
   2 85444
   2 85423
   2 84828
   2 84818
   2 84812
   2 84802
   2 84784
   2 84688
   2 845
   2 84071
   2 84063
   2 84025
   2 83917
   2 83270
   2 83256
   2 83255
   2 83228
   2 83217
   2 83129
   2 82379
   2 82376
   2 82375
   2 82361
   2 82357
   2 82332
   2 82327
   2 82212
   2 82201
   2 81534
   2 81522
   2 81520
   2 81502
   2 81478
   2 81401
   2 81374
   2 81370
   2 81366
   2 81341
   2 81340
   2 81330
   2 81284
   2 81267
   2 81257
   2 81058
   2 81042
   2 81008
   2 81006
   2 81001
   2 80999
   2 80990
   2 80975
   2 80949
   2 80948
   2 80945
   2 80935
   2 80927
   2 80920
   2 80907
   2 80898
   2 80894
   2 80893
   2 80886
   2 80883
   2 80878
   2 80876
   2 80871
   2 80864
   2 80863
   2 80862
   2 80859
   2 80855
   2 80852
   2 80851
   2 80850
   2 80847
   2 80845
   2 80844
   2 80843
   2 80840
   2 80839
   2 80835
   2 80828
   2 80824
   2 80822
   2 80808
   2 80800
   2 80796
   2 80795
   2 80786
   2 80782
   2 80775
   2 80771
   2 80768
   2 80763
   2 80751
   2 80743
   2 80737
   2 80710
   2 80704
   2 80703
   2 80702
   2 80699
   2 80689
   2 80685
   2 80684
   2 80683
   2 80681
   2 80677
   2 80676
   2 80674
   2 80671
   2 80662
   2 80661
   2 80655
   2 80651
   2 80649
   2 80639
   2 80631
   2 80624
   2 80581
   2 80579
   2 80578
   2 80576
   2 80568
   2 80563
   2 80558
   2 80554
   2 80552
   2 80537
   2 80535
   2 80533
   2 80520
   2 80518
   2 80515
   2 80511
   2 80509
   2 80505
   2 80497
   2 80493
   2 80485
   2 80484
   2 80479
   2 80478
   2 80472
   2 80460
   2 80457
   2 80452
   2 80450
   2 80446
   2 80424
   2 80410
   2 80367
   2 80321
   2 80316
   2 80310
   2 80301
   2 80299
   2 80248
   2 80245
   2 80238
   2 80235
   2 80233
   2 80231
   2 80230
   2 80221
   2 80220
   2 80219
   2 80218
   2 80214
   2 80206
   2 80205
   2 80198
   2 80189
   2 80186
   2 80178
   2 80173
   2 80166
   2 80165
   2 80158
   2 80152
   2 80148
   2 80147
   2 80145
   2 80142
   2 80138
   2 80074
   2 80066
   2 80042
   2 80032
   2 79999
   2 79996
   2 79994
   2 79983
   2 79980
   2 79973
   2 79967
   2 79962
   2 79961
   2 79953
   2 79940
   2 79935
   2 79927
   2 79924
   2 79889
   2 79885
   2 79813
   2 79793
   2 79771
   2 79722
   2 79712
   2 79655
   2 79652
   2 79647
   2 79628
   2 79615
   2 79610
   2 79566
   2 79565
   2 79549
   2 79542
   2 79541
   2 79500
   2 79487
   2 79485
   2 79454
   2 79453
   2 79447
   2 79443
   2 79420
   2 79362
   2 79345
   2 79344
   2 79343
   2 79339
   2 79297
   2 79275
   2 79163
   2 79127
   2 79031
   2 79005
   2 78999
   2 78986
   2 78949
   2 78947
   2 78945
   2 78895
   2 78882
   2 78879
   2 78878
   2 78875
   2 78872
   2 78859
   2 78847
   2 78839
   2 78732
   2 78711
   2 78708
   2 78693
   2 78674
   2 78611
   2 78607
   2 78599
   2 78583
   2 78580
   2 78565
   2 78562
   2 78561
   2 78559
   2 78558
   2 78540
   2 78530
   2 78410
   2 7839
   2 78367
   2 78340
   2 78296
   2 78286
   2 78273
   2 78253
   2 78229
   2 78180
   2 78178
   2 78165
   2 78143
   2 78121
   2 78114
   2 78111
   2 78110
   2 78090
   2 78078
   2 77998
   2 77977
   2 77946
   2 77940
   2 77556
   2 77509
   2 77502
   2 77445
   2 77432
   2 77386
   2 77367
   2 77337
   2 77332
   2 77321
   2 77291
   2 77258
   2 77249
   2 77207
   2 772
   2 77177
   2 77176
   2 77161
   2 77048
   2 76905
   2 76888
   2 76882
   2 76868
   2 76855
   2 76848
   2 76831
   2 76801
   2 76590
   2 76562
   2 76560
   2 76542
   2 76541
   2 76420
   2 76414
   2 75951
   2 75950
   2 75946
   2 75941
   2 75932
   2 75910
   2 75873
   2 75870
   2 75813
   2 75809
   2 75728
   2 75689
   2 75678
   2 75659
   2 75652
   2 75636
   2 75627
   2 75540
   2 75526
   2 75519
   2 75497
   2 75455
   2 75426
   2 75321
   2 75289
   2 75241
   2 75231
   2 75218
   2 75217
   2 75215
   2 74978
   2 74976
   2 74966
   2 74964
   2 74961
   2 74957
   2 74952
   2 74906
   2 74894
   2 74890
   2 74888
   2 74873
   2 74843
   2 74833
   2 74818
   2 74790
   2 74750
   2 74743
   2 74734
   2 74701
   2 74687
   2 74660
   2 74649
   2 74646
   2 74636
   2 74615
   2 74614
   2 74610
   2 74601
   2 74597
   2 74596
   2 74588
   2 74549
   2 74542
   2 74539
   2 74526
   2 74508
   2 74487
   2 74475
   2 74462
   2 74447
   2 74415
   2 74399
   2 74367
   2 74356
   2 74352
   2 74348
   2 74287
   2 74285
   2 74279
   2 74278
   2 74270
   2 74242
   2 74241
   2 74239
   2 74229
   2 74210
   2 74195
   2 74192
   2 74175
   2 74166
   2 74155
   2 74154
   2 74152
   2 74151
   2 74099
   2 74093
   2 74047
   2 74042
   2 74040
   2 74017
   2 73989
   2 73972
   2 73945
   2 73931
   2 73921
   2 73907
   2 73887
   2 73861
   2 73806
   2 73789
   2 73787
   2 73752
   2 73745
   2 73742
   2 73722
   2 73590
   2 73553
   2 73502
   2 73498
   2 73490
   2 73456
   2 73454
   2 73442
   2 73227
   2 73197
   2 73196
   2 73171
   2 73169
   2 73151
   2 73139
   2 73132
   2 73131
   2 73129
   2 73128
   2 73122
   2 73121
   2 73120
   2 73118
   2 73117
   2 73107
   2 73103
   2 73100
   2 72992
   2 72981
   2 72331
   2 72195
   2 72186
   2 72178
   2 72056
   2 72001
   2 71940
   2 71910
   2 71866
   2 70806
   2 70805
   2 70451
   2 70310
   2 70302
   2 70111
   2 70088
   2 70087
   2 70081
   2 692
   2 6914
   2 691
   2 688
   2 6878
   2 686
   2 6719
   2 6680
   2 6677
   2 6673
   2 6497
   2 6490
   2 63279
   2 6155
   2 61014
   2 60130
   2 60039
   2 59761
   2 59760
   2 59725
   2 59020
   2 58905
   2 58642
   2 57542
   2 57527
   2 56554
   2 5606
   2 55975
   2 5491
   2 5458
   2 5452
   2 5404
   2 5359
   2 5355
   2 5345
   2 5334
   2 52717
   2 52367
   2 52365
   2 51802
   2 51369
   2 4693
   2 4680
   2 4679
   2 4677
   2 4603
   2 46020
   2 45979
   2 45903
   2 45902
   2 45874
   2 45862
   2 45852
   2 45830
   2 45788
   2 45779
   2 45757
   2 45701
   2 45629
   2 45613
   2 45559
   2 45538
   2 45520
   2 45494
   2 45440
   2 45358
   2 45295
   2 45258
   2 45236
   2 45235
   2 45232
   2 45176
   2 45131
   2 45103
   2 45100
   2 45077
   2 45048
   2 45043
   2 45041
   2 45036
   2 45020
   2 44983
   2 44975
   2 44951
   2 44935
   2 44913
   2 44908
   2 44880
   2 44861
   2 44839
   2 44835
   2 44827
   2 44797
   2 44796
   2 44785
   2 44746
   2 44356
   2 44333
   2 44301
   2 44300
   2 43963
   2 43942
   2 43928
   2 43911
   2 43903
   2 43870
   2 43860
   2 43839
   2 43826
   2 43783
   2 43766
   2 43765
   2 43748
   2 43747
   2 43743
   2 43737
   2 43735
   2 43717
   2 43712
   2 43696
   2 43693
   2 43689
   2 43670
   2 43645
   2 43642
   2 43593
   2 43583
   2 43547
   2 43546
   2 43544
   2 43537
   2 43536
   2 43522
   2 43503
   2 43499
   2 43494
   2 43485
   2 43451
   2 43443
   2 43434
   2 43423
   2 43422
   2 43410
   2 43324
   2 43316
   2 43300
   2 43296
   2 43278
   2 43272
   2 43271
   2 43266
   2 43265
   2 43262
   2 43257
   2 43219
   2 43140
   2 43138
   2 43111
   2 43087
   2 43056
   2 43000
   2 42969
   2 42957
   2 42956
   2 42945
   2 42881
   2 42878
   2 42875
   2 42873
   2 42849
   2 42694
   2 42643
   2 42642
   2 42636
   2 42607
   2 42594
   2 42502
   2 42487
   2 42480
   2 42457
   2 42448
   2 42441
   2 42416
   2 42389
   2 42383
   2 42304
   2 42233
   2 42207
   2 42142
   2 42141
   2 42081
   2 41952
   2 41950
   2 41931
   2 41913
   2 41905
   2 41868
   2 41806
   2 41671
   2 41575
   2 41518
   2 41488
   2 41465
   2 41463
   2 41462
   2 41457
   2 41433
   2 41418
   2 41399
   2 41346
   2 41340
   2 41299
   2 41289
   2 41123
   2 40963
   2 40865
   2 40853
   2 40806
   2 40728
   2 40685
   2 40669
   2 40645
   2 40644
   2 40621
   2 40609
   2 40585
   2 40539
   2 40515
   2 40426
   2 40311
   2 40309
   2 40304
   2 40299
   2 40276
   2 40272
   2 40267
   2 40216
   2 40190
   2 40184
   2 40150
   2 40110
   2 40072
   2 40060
   2 40059
   2 40057
   2 40019
   2 40012
   2 40009
   2 39974
   2 39953
   2 39743
   2 39695
   2 39641
   2 39632
   2 39622
   2 39611
   2 39599
   2 39598
   2 39487
   2 39480
   2 39472
   2 39448
   2 39421
   2 39401
   2 39398
   2 39384
   2 39361
   2 39354
   2 39233
   2 39232
   2 39230
   2 39216
   2 39195
   2 39152
   2 39149
   2 39146
   2 39138
   2 39001
   2 38992
   2 38968
   2 38957
   2 38841
   2 38805
   2 38800
   2 38764
   2 38717
   2 38714
   2 38649
   2 38644
   2 38632
   2 38439
   2 3842
   2 38416
   2 38409
   2 38398
   2 38360
   2 38357
   2 3827
   2 38114
   2 3803
   2 38029
   2 37971
   2 37969
   2 37778
   2 37774
   2 37763
   2 37631
   2 37562
   2 37558
   2 37552
   2 37551
   2 37459
   2 37457
   2 37451
   2 37397
   2 37384
   2 37383
   2 37352
   2 37348
   2 37222
   2 37221
   2 37143
   2 37131
   2 37125
   2 37119
   2 37115
   2 37007
   2 37004
   2 36992
   2 36971
   2 36967
   2 36965
   2 36957
   2 36889
   2 36885
   2 36871
   2 36858
   2 36826
   2 36816
   2 36783
   2 36772
   2 36761
   2 36724
   2 36714
   2 36636
   2 36635
   2 36629
   2 36544
   2 36511
   2 36505
   2 36476
   2 36392
   2 36386
   2 36350
   2 36348
   2 36301
   2 36285
   2 36185
   2 36174
   2 36112
   2 36090
   2 36014
   2 35991
   2 35990
   2 35988
   2 35970
   2 35965
   2 35925
   2 35908
   2 35851
   2 35819
   2 35768
   2 35751
   2 35652
   2 35649
   2 35644
   2 35636
   2 35508
   2 35494
   2 35455
   2 35423
   2 35417
   2 35401
   2 35395
   2 35394
   2 35279
   2 35152
   2 35133
   2 35055
   2 35051
   2 35048
   2 35044
   2 35042
   2 35021
   2 35016
   2 35012
   2 35002
   2 34993
   2 34991
   2 34990
   2 34989
   2 34984
   2 34974
   2 34966
   2 34964
   2 34923
   2 34921
   2 34920
   2 34904
   2 34902
   2 34884
   2 34867
   2 34799
   2 34763
   2 34752
   2 34651
   2 34647
   2 34637
   2 34634
   2 34599
   2 34550
   2 34549
   2 34532
   2 34531
   2 34529
   2 34524
   2 34518
   2 34503
   2 34502
   2 34475
   2 34463
   2 34436
   2 34435
   2 34300
   2 34299
   2 34297
   2 34260
   2 34248
   2 34213
   2 34197
   2 34182
   2 34165
   2 34156
   2 34150
   2 34075
   2 34073
   2 34061
   2 34060
   2 34057
   2 34025
   2 33988
   2 33632
   2 33619
   2 33616
   2 33339
   2 33322
   2 33261
   2 33255
   2 33223
   2 33209
   2 33206
   2 33169
   2 33118
   2 33039
   2 33032
   2 32987
   2 32630
   2 32623
   2 32622
   2 32621
   2 32588
   2 32580
   2 32568
   2 32541
   2 32424
   2 32423
   2 32419
   2 32310
   2 32306
   2 32305
   2 32264
   2 32234
   2 32141
   2 32092
   2 32087
   2 32064
   2 31995
   2 31989
   2 31976
   2 31974
   2 31945
   2 31939
   2 31936
   2 31927
   2 31922
   2 31920
   2 31919
   2 31918
   2 31858
   2 31852
   2 31835
   2 31834
   2 31826
   2 31748
   2 31740
   2 31732
   2 31728
   2 31689
   2 31676
   2 31672
   2 31642
   2 31641
   2 31640
   2 31639
   2 31615
   2 31606
   2 31603
   2 31505
   2 31449
   2 31373
   2 31347
   2 31234
   2 31228
   2 31221
   2 31219
   2 312153
   2 312122
   2 312116
   2 312081
   2 31204
   2 31203
   2 31202
   2 311954
   2 31167
   2 30926
   2 30890
   2 30853
   2 30851
   2 30837
   2 30834
   2 3058
   2 30573
   2 30356
   2 2997
   2 29956
   2 29954
   2 29945
   2 29665
   2 29302
   2 29291
   2 29289
   2 29136
   2 29108
   2 29098
   2 29092
   2 29071
   2 28941
   2 28936
   2 28897
   2 28889
   2 28877
   2 28855
   2 28842
   2 28804
   2 28787
   2 28633
   2 28550
   2 28544
   2 28534
   2 28532
   2 28528
   2 28517
   2 28516
   2 28515
   2 28508
   2 28419
   2 28407
   2 28362
   2 28344
   2 28343
   2 28342
   2 28325
   2 28310
   2 28114
   2 28082
   2 27935
   2 27907
   2 27904
   2 27901
   2 27894
   2 27876
   2 27844
   2 27840
   2 27825
   2 27804
   2 27801
   2 27797
   2 27774
   2 27719
   2 27665
   2 27618
   2 27583
   2 27396
   2 27354
   2 27341
   2 27298
   2 27269
   2 27262
   2 27230
   2 27207
   2 27177
   2 26956
   2 26953
   2 26929
   2 26822
   2 26821
   2 26816
   2 26791
   2 26429
   2 26356
   2 2609
   2 25990
   2 25899
   2 25857
   2 25796
   2 25743
   2 25739
   2 25737
   2 25736
   2 25733
   2 25730
   2 25726
   2 25725
   2 25625
   2 25573
   2 25572
   2 25568
   2 25540
   2 25513
   2 25407
   2 25406
   2 25326
   2 25320
   2 25314
   2 25285
   2 25283
   2 25273
   2 25272
   2 25235
   2 25209
   2 25139
   2 25119
   2 25071
   2 25042
   2 24912
   2 2408
   2 24014
   2 23995
   2 23977
   2 23972
   2 23942
   2 23736
   2 23734
   2 23733
   2 23730
   2 23702
   2 237
   2 23571
   2 23553
   2 23463
   2 23461
   2 23453
   2 23395
   2 23356
   2 23320
   2 23131
   2 23089
   2 22863
   2 22679
   2 22676
   2 22643
   2 22569
   2 22482
   2 22481
   2 22476
   2 22419
   2 22394
   2 22286
   2 22278
   2 22275
   2 21914
   2 21746
   2 21719
   2 21711
   2 21457
   2 21445
   2 21443
   2 21400
   2 21390
   2 21373
   2 21305
   2 20842
   2 20798
   2 20740
   2 20731
   2 20323
   2 20303
   2 20277
   2 20220
   2 20082
   2 19981
   2 19947
   2 19942
   2 19820
   2 19797
   2 19757
   2 19756
   2 19744
   2 19735
   2 19730
   2 19678
   2 19663
   2 19629
   2 19284
   2 18411
   2 18404
   2 18400
   2 18399
   2 18380
   2 18378
   2 18332
   2 18278
   2 18256
   2 18231
   2 18228
   2 18066
   2 17836
   2 17805
   2 17798
   2 17795
   2 17761
   2 17302
   2 17101
   2 17079
   2 16997
   2 16790
   2 16633
   2 16617
   2 16613
   2 16580
   2 16570
   2 16563
   2 16496
   2 16421
   2 16349
   2 16347
   2 16340
   2 16337
   2 16332
   2 16321
   2 16301
   2 16235
   2 16220
   2 16202
   2 16166
   2 16082
   2 16077
   2 16039
   2 16037
   2 16031
   2 16030
   2 16013
   2 16000
   2 15927
   2 15803
   2 15740
   2 15730
   2 15706
   2 15705
   2 15665
   2 15357
   2 15057
   2 15031
   2 15004
   2 14931
   2 14900
   2 14899
   2 14896
   2 14893
   2 14849
   2 138
   2 117523
   2 117309
   2 116864
   2 116628
   2 116525
   2 115013
   2 114261
   2 114236
   2 1141
   2 113724
   2 113533
   2 113037
   2 111911
   2 111709
   2 111588
   2 110897
   2 110302
   2 110281
   2 109735
   2 1095
   2 109183
   2 108171
   2 107892
   2 107890
   2 107225
   2 106542
   2 106451
   2 105472
   2 103940
   2 103889
   2 103511
   2 103427
   2 102702
   2 102696
   2 101818
   2 101414
   2 101294
   2 100976
   2 100039
   1 RESOURCE
   1 99949
   1 99562
   1 99559
   1 99558
   1 99552
   1 99550
   1 99523
   1 99507
   1 99466
   1 99464
   1 99454
   1 99208
   1 99140
   1 99068
   1 99063
   1 99058
   1 99050
   1 99031
   1 99022
   1 98998
   1 98992
   1 98976
   1 98975
   1 98971
   1 98935
   1 98934
   1 98909
   1 98547
   1 98535
   1 98505
   1 98500
   1 98499
   1 98464
   1 98437
   1 98433
   1 98431
   1 98430
   1 984
   1 98394
   1 983
   1 98177
   1 981
   1 98054
   1 98048
   1 98047
   1 98033
   1 98021
   1 97947
   1 979
   1 978
   1 97530
   1 97529
   1 97528
   1 97520
   1 97516
   1 97514
   1 97510
   1 97504
   1 97456
   1 97165
   1 97027
   1 97026
   1 97019
   1 97005
   1 97004
   1 96978
   1 96609
   1 96520
   1 96515
   1 96471
   1 96411
   1 96378
   1 95933
   1 95932
   1 95923
   1 95911
   1 95904
   1 95897
   1 95877
   1 95870
   1 95853
   1 95842
   1 95835
   1 95832
   1 95529
   1 95390
   1 95388
   1 95387
   1 95386
   1 95384
   1 95363
   1 95344
   1 95324
   1 95300
   1 95299
   1 95268
   1 95264
   1 95228
   1 95216
   1 95170
   1 94922
   1 94917
   1 94769
   1 94768
   1 94767
   1 94749
   1 94748
   1 94746
   1 94724
   1 94720
   1 94672
   1 94668
   1 94635
   1 94632
   1 94195
   1 94189
   1 94188
   1 94186
   1 94184
   1 94179
   1 94174
   1 94172
   1 94167
   1 94157
   1 94043
   1 94012
   1 938
   1 93631
   1 93626
   1 93625
   1 93616
   1 93573
   1 93518
   1 93498
   1 93470
   1 934
   1 93149
   1 93017
   1 92997
   1 92979
   1 92943
   1 92935
   1 92916
   1 92911
   1 92888
   1 92885
   1 92863
   1 92808
   1 92400
   1 92398
   1 92397
   1 92387
   1 92386
   1 92378
   1 92377
   1 92328
   1 92278
   1 92253
   1 92251
   1 92042
   1 91818
   1 91814
   1 91811
   1 91804
   1 91797
   1 91790
   1 91782
   1 91746
   1 91704
   1 91697
   1 91685
   1 91683
   1 91620
   1 91379
   1 91362
   1 91181
   1 91174
   1 91169
   1 91167
   1 91151
   1 91110
   1 91089
   1 91087
   1 90955
   1 90700
   1 90532
   1 90529
   1 90528
   1 90525
   1 90518
   1 90510
   1 90507
   1 90489
   1 90483
   1 90461
   1 90460
   1 90393
   1 90391
   1 90389
   1 90381
   1 90377
   1 90372
   1 89947
   1 89868
   1 89861
   1 89860
   1 89856
   1 89846
   1 89826
   1 89819
   1 89794
   1 89732
   1 89729
   1 89716
   1 89661
   1 89179
   1 89172
   1 89166
   1 89162
   1 89147
   1 89134
   1 89086
   1 89030
   1 89029
   1 88998
   1 88997
   1 88942
   1 88512
   1 88503
   1 88489
   1 88483
   1 88481
   1 88458
   1 88441
   1 88410
   1 88403
   1 88397
   1 87836
   1 87835
   1 87833
   1 87831
   1 87827
   1 87823
   1 87799
   1 87742
   1 87735
   1 87699
   1 87686
   1 87603
   1 87600
   1 87250
   1 87168
   1 87094
   1 87090
   1 87086
   1 87082
   1 87076
   1 87071
   1 87051
   1 87048
   1 87039
   1 87037
   1 87015
   1 86970
   1 86943
   1 86935
   1 86931
   1 86929
   1 86891
   1 86523
   1 86522
   1 86323
   1 86319
   1 86317
   1 86314
   1 86312
   1 86309
   1 86304
   1 86296
   1 86292
   1 86290
   1 86248
   1 86245
   1 86242
   1 86228
   1 86220
   1 86180
   1 86178
   1 86160
   1 86156
   1 86148
   1 86137
   1 86127
   1 86126
   1 85806
   1 85571
   1 85563
   1 85548
   1 85528
   1 85491
   1 85387
   1 85330
   1 8504
   1 84975
   1 84974
   1 84819
   1 84815
   1 84811
   1 84809
   1 84789
   1 84785
   1 84750
   1 84736
   1 84700
   1 84696
   1 84689
   1 84681
   1 84678
   1 84666
   1 84656
   1 84625
   1 843
   1 84264
   1 84054
   1 84053
   1 84051
   1 84038
   1 84036
   1 84031
   1 84024
   1 83985
   1 83974
   1 83951
   1 83923
   1 83914
   1 83913
   1 83887
   1 83865
   1 83810
   1 83509
   1 834
   1 83288
   1 83277
   1 83269
   1 83267
   1 83263
   1 83261
   1 83260
   1 83250
   1 83244
   1 83238
   1 83233
   1 83181
   1 83169
   1 83157
   1 83100
   1 83092
   1 83091
   1 83064
   1 83046
   1 829
   1 82641
   1 82393
   1 82392
   1 82385
   1 82384
   1 82382
   1 82377
   1 82371
   1 82370
   1 82341
   1 82337
   1 82330
   1 82326
   1 82303
   1 82277
   1 82249
   1 82211
   1 82209
   1 82207
   1 82202
   1 82194
   1 82181
   1 82090
   1 81627
   1 81542
   1 81528
   1 81527
   1 81518
   1 81515
   1 81510
   1 81505
   1 81499
   1 81497
   1 81488
   1 81481
   1 81480
   1 81468
   1 81465
   1 81454
   1 81451
   1 81447
   1 81446
   1 81437
   1 81432
   1 81422
   1 81418
   1 81402
   1 81398
   1 81381
   1 81369
   1 81365
   1 81345
   1 81342
   1 81327
   1 81324
   1 81322
   1 81320
   1 81318
   1 81310
   1 81305
   1 81285
   1 81280
   1 81277
   1 81276
   1 81274
   1 81273
   1 81271
   1 81265
   1 81261
   1 81260
   1 81259
   1 81254
   1 81253
   1 81250
   1 81249
   1 81248
   1 81096
   1 81090
   1 81039
   1 81038
   1 81036
   1 81034
   1 81027
   1 81012
   1 81010
   1 81009
   1 81007
   1 80993
   1 80992
   1 80989
   1 80988
   1 80982
   1 80977
   1 80970
   1 80968
   1 80957
   1 80956
   1 80955
   1 80953
   1 80952
   1 80950
   1 80946
   1 80944
   1 80943
   1 80939
   1 80938
   1 80936
   1 80932
   1 80931
   1 80930
   1 80929
   1 80928
   1 80926
   1 80925
   1 80924
   1 80922
   1 80921
   1 80918
   1 80917
   1 80913
   1 80912
   1 80909
   1 80903
   1 80899
   1 80895
   1 80892
   1 80891
   1 80890
   1 80887
   1 80884
   1 80880
   1 80874
   1 80867
   1 80865
   1 80856
   1 80849
   1 80841
   1 80836
   1 80832
   1 80829
   1 80826
   1 80825
   1 80821
   1 80817
   1 80814
   1 80811
   1 80806
   1 80798
   1 80792
   1 80791
   1 80790
   1 80789
   1 80788
   1 80787
   1 80785
   1 80777
   1 80776
   1 80764
   1 80759
   1 80758
   1 80757
   1 80755
   1 80749
   1 80748
   1 80747
   1 80745
   1 80740
   1 80739
   1 80735
   1 80733
   1 80729
   1 80726
   1 80724
   1 80722
   1 80719
   1 80717
   1 80716
   1 80712
   1 80711
   1 80706
   1 80700
   1 80697
   1 80695
   1 80694
   1 80690
   1 80680
   1 80679
   1 80678
   1 80672
   1 80666
   1 80659
   1 80658
   1 80657
   1 80650
   1 80648
   1 80646
   1 80645
   1 80644
   1 80640
   1 80633
   1 80628
   1 80623
   1 80621
   1 80617
   1 80616
   1 80615
   1 80612
   1 80611
   1 80610
   1 80608
   1 80607
   1 80603
   1 80602
   1 80601
   1 80597
   1 80596
   1 80595
   1 80593
   1 80590
   1 80589
   1 80584
   1 80580
   1 80575
   1 80573
   1 80571
   1 80569
   1 80561
   1 80560
   1 80559
   1 80547
   1 80543
   1 80540
   1 80536
   1 80532
   1 80530
   1 80529
   1 80527
   1 80525
   1 80524
   1 80523
   1 80522
   1 80517
   1 80516
   1 80514
   1 80513
   1 80510
   1 80506
   1 80504
   1 80502
   1 80496
   1 80491
   1 80489
   1 80482
   1 80480
   1 80477
   1 80474
   1 80470
   1 80469
   1 80468
   1 80467
   1 80466
   1 80465
   1 80464
   1 80462
   1 80461
   1 80459
   1 80456
   1 80455
   1 80454
   1 80453
   1 80449
   1 80448
   1 80444
   1 80443
   1 80435
   1 80431
   1 80430
   1 80420
   1 80417
   1 80394
   1 80380
   1 80365
   1 80348
   1 80327
   1 80312
   1 80305
   1 80271
   1 80268
   1 80266
   1 80263
   1 80253
   1 80252
   1 80250
   1 80240
   1 80236
   1 80225
   1 80224
   1 80223
   1 80201
   1 80183
   1 80182
   1 80176
   1 80175
   1 80172
   1 80170
   1 80169
   1 80167
   1 80164
   1 80163
   1 80162
   1 80150
   1 80149
   1 80144
   1 80139
   1 80136
   1 80133
   1 80127
   1 80125
   1 80111
   1 80109
   1 80107
   1 80106
   1 80095
   1 80093
   1 80089
   1 80078
   1 80061
   1 80060
   1 80053
   1 80034
   1 80028
   1 80027
   1 80024
   1 79982
   1 79981
   1 79979
   1 79978
   1 79977
   1 79976
   1 79975
   1 79972
   1 79966
   1 79963
   1 79959
   1 79958
   1 79951
   1 79949
   1 79946
   1 79945
   1 79943
   1 79941
   1 79936
   1 79933
   1 79923
   1 79922
   1 79894
   1 79887
   1 79886
   1 79881
   1 79855
   1 79851
   1 79845
   1 79823
   1 79805
   1 79804
   1 79801
   1 79800
   1 79792
   1 79787
   1 79785
   1 79783
   1 79774
   1 79768
   1 79747
   1 79740
   1 79739
   1 79735
   1 79733
   1 79732
   1 79728
   1 79721
   1 79720
   1 79713
   1 79711
   1 79709
   1 79704
   1 79699
   1 79698
   1 79694
   1 79693
   1 79689
   1 79683
   1 79669
   1 79660
   1 79640
   1 79639
   1 79632
   1 79627
   1 79606
   1 79585
   1 79584
   1 79569
   1 79561
   1 79553
   1 79509
   1 79504
   1 79501
   1 79495
   1 79493
   1 79486
   1 79468
   1 79467
   1 79463
   1 79459
   1 79458
   1 79457
   1 79456
   1 79444
   1 79442
   1 79439
   1 79419
   1 79416
   1 79415
   1 79413
   1 79412
   1 79411
   1 79386
   1 79378
   1 79360
   1 79346
   1 79340
   1 79319
   1 79318
   1 79317
   1 79308
   1 79295
   1 79293
   1 79291
   1 79279
   1 79272
   1 79263
   1 79216
   1 79206
   1 79204
   1 79178
   1 79167
   1 79154
   1 79151
   1 79147
   1 79126
   1 79090
   1 79069
   1 79068
   1 79067
   1 79058
   1 79055
   1 79053
   1 79049
   1 79032
   1 79030
   1 79014
   1 79010
   1 79008
   1 78978
   1 78971
   1 78966
   1 78963
   1 78955
   1 78940
   1 78927
   1 78926
   1 78907
   1 78903
   1 789
   1 78897
   1 78886
   1 78877
   1 78876
   1 78861
   1 78860
   1 78851
   1 78850
   1 78848
   1 78836
   1 78834
   1 78832
   1 78826
   1 78825
   1 78820
   1 78819
   1 78818
   1 78754
   1 78753
   1 78736
   1 78730
   1 78723
   1 78716
   1 78712
   1 78703
   1 78700
   1 78699
   1 78698
   1 78695
   1 78686
   1 78678
   1 78625
   1 78624
   1 78610
   1 78609
   1 78608
   1 78606
   1 78604
   1 78597
   1 78593
   1 78582
   1 78579
   1 78578
   1 78577
   1 78575
   1 78573
   1 78568
   1 78546
   1 78542
   1 78533
   1 78531
   1 78511
   1 78510
   1 78507
   1 78439
   1 78403
   1 78394
   1 78383
   1 78382
   1 78381
   1 78294
   1 78293
   1 78291
   1 78288
   1 78282
   1 78247
   1 78239
   1 78231
   1 78198
   1 78195
   1 78193
   1 78191
   1 78183
   1 78182
   1 78177
   1 78174
   1 78170
   1 78161
   1 78160
   1 78159
   1 78157
   1 78149
   1 78135
   1 78134
   1 78133
   1 78126
   1 78116
   1 78113
   1 78112
   1 78103
   1 78101
   1 78098
   1 78004
   1 77999
   1 77988
   1 77987
   1 77976
   1 77975
   1 77974
   1 77956
   1 77944
   1 77939
   1 77938
   1 77905
   1 77552
   1 77508
   1 77506
   1 77465
   1 77456
   1 77448
   1 77446
   1 77440
   1 77439
   1 77429
   1 77426
   1 77390
   1 77383
   1 77377
   1 77375
   1 77373
   1 77359
   1 77358
   1 77357
   1 77343
   1 77339
   1 77338
   1 77325
   1 77324
   1 77320
   1 77319
   1 77318
   1 77317
   1 77316
   1 77307
   1 77299
   1 77298
   1 77293
   1 77265
   1 77264
   1 77259
   1 77255
   1 77254
   1 77250
   1 77245
   1 77243
   1 77242
   1 77241
   1 77234
   1 77226
   1 77225
   1 77214
   1 77206
   1 77205
   1 77202
   1 77200
   1 77199
   1 77183
   1 77182
   1 77175
   1 76991
   1 76900
   1 76896
   1 76890
   1 76881
   1 76878
   1 76875
   1 76862
   1 76853
   1 76852
   1 76851
   1 76850
   1 76849
   1 76847
   1 76846
   1 76845
   1 76843
   1 76832
   1 76823
   1 76800
   1 76798
   1 76794
   1 76627
   1 76626
   1 76624
   1 76620
   1 76619
   1 76617
   1 76613
   1 76593
   1 76592
   1 76573
   1 76572
   1 76563
   1 76561
   1 76559
   1 76533
   1 76513
   1 76511
   1 76508
   1 76499
   1 76492
   1 76479
   1 76467
   1 76460
   1 7646
   1 76459
   1 76456
   1 76452
   1 76449
   1 76440
   1 76431
   1 76424
   1 75957
   1 75942
   1 75934
   1 75928
   1 75915
   1 75912
   1 75900
   1 75895
   1 75872
   1 75871
   1 75868
   1 75866
   1 75816
   1 75786
   1 75724
   1 75723
   1 75720
   1 75717
   1 75700
   1 75690
   1 75688
   1 75687
   1 75683
   1 75675
   1 75665
   1 75654
   1 75633
   1 75631
   1 75630
   1 75626
   1 75535
   1 75527
   1 75518
   1 75514
   1 75496
   1 75494
   1 75493
   1 75492
   1 75469
   1 75466
   1 75464
   1 75462
   1 75458
   1 75456
   1 75453
   1 75444
   1 75440
   1 75439
   1 75438
   1 75336
   1 75331
   1 75330
   1 75319
   1 75295
   1 75275
   1 75274
   1 75269
   1 75257
   1 75243
   1 75242
   1 75239
   1 75211
   1 75209
   1 75207
   1 75200
   1 75197
   1 75185
   1 75184
   1 75181
   1 75044
   1 75043
   1 75042
   1 75041
   1 75040
   1 75039
   1 75037
   1 75035
   1 75032
   1 74990
   1 74979
   1 74968
   1 74963
   1 74962
   1 74960
   1 74959
   1 74956
   1 74954
   1 74950
   1 74935
   1 74930
   1 74920
   1 74916
   1 74899
   1 74896
   1 74892
   1 74891
   1 74887
   1 74882
   1 74880
   1 74871
   1 74870
   1 74829
   1 74827
   1 74824
   1 74817
   1 74815
   1 74809
   1 74804
   1 74801
   1 74799
   1 74795
   1 74788
   1 74778
   1 74776
   1 74772
   1 74768
   1 74759
   1 74749
   1 74745
   1 74741
   1 74702
   1 74700
   1 74692
   1 74690
   1 74688
   1 74684
   1 74682
   1 74664
   1 74663
   1 74661
   1 74647
   1 74643
   1 74639
   1 74638
   1 74633
   1 74613
   1 74612
   1 74611
   1 74606
   1 74603
   1 74587
   1 74582
   1 74580
   1 74579
   1 74573
   1 74572
   1 74558
   1 74557
   1 74546
   1 74540
   1 74528
   1 74515
   1 74510
   1 74488
   1 74483
   1 74480
   1 74477
   1 74476
   1 74472
   1 74471
   1 74451
   1 74450
   1 74436
   1 74432
   1 74414
   1 74403
   1 74386
   1 74382
   1 74354
   1 74353
   1 74350
   1 74349
   1 74340
   1 74332
   1 74297
   1 74296
   1 74258
   1 74240
   1 74226
   1 74220
   1 74194
   1 74189
   1 74187
   1 74181
   1 74174
   1 74170
   1 74163
   1 74104
   1 74103
   1 74102
   1 74101
   1 74096
   1 74089
   1 74075
   1 74052
   1 74051
   1 74037
   1 74033
   1 74032
   1 74025
   1 74018
   1 74007
   1 73996
   1 73995
   1 73993
   1 73987
   1 73969
   1 73966
   1 73956
   1 73933
   1 73925
   1 73880
   1 73879
   1 73874
   1 73872
   1 73863
   1 73803
   1 73802
   1 73801
   1 738
   1 73793
   1 73786
   1 73755
   1 73753
   1 73727
   1 73725
   1 73582
   1 73575
   1 73562
   1 73554
   1 73552
   1 73542
   1 73534
   1 73525
   1 73508
   1 73507
   1 73506
   1 73505
   1 73504
   1 73503
   1 73496
   1 73495
   1 73494
   1 73484
   1 73472
   1 73468
   1 73461
   1 73452
   1 73446
   1 73441
   1 73259
   1 73254
   1 73232
   1 73220
   1 73219
   1 73218
   1 73212
   1 73189
   1 73187
   1 73183
   1 73166
   1 73165
   1 73157
   1 73154
   1 73150
   1 73134
   1 73133
   1 73130
   1 73127
   1 73126
   1 73124
   1 73123
   1 73113
   1 73111
   1 73109
   1 73104
   1 73101
   1 73099
   1 73073
   1 73067
   1 73063
   1 73062
   1 73061
   1 73060
   1 73057
   1 73050
   1 73032
   1 73021
   1 72998
   1 72991
   1 72990
   1 72984
   1 72982
   1 725
   1 72444
   1 72338
   1 72320
   1 7232
   1 72303
   1 72293
   1 7227
   1 72191
   1 72188
   1 72179
   1 72151
   1 72145
   1 72143
   1 72139
   1 72137
   1 72112
   1 72055
   1 72051
   1 72048
   1 72043
   1 71986
   1 71939
   1 71936
   1 71887
   1 71882
   1 716
   1 71439
   1 71431
   1 71399
   1 71355
   1 71151
   1 711
   1 70811
   1 70790
   1 7071
   1 70703
   1 70701
   1 70634
   1 70633
   1 70553
   1 70533
   1 70500
   1 70496
   1 70481
   1 70335
   1 70304
   1 703
   1 70299
   1 70200
   1 70105
   1 70086
   1 70079
   1 69628
   1 6912
   1 687
   1 68659
   1 6855
   1 682
   1 681
   1 680
   1 677
   1 674
   1 6698
   1 6697
   1 6696
   1 6684
   1 6682
   1 6678
   1 6671
   1 667
   1 6668
   1 6666
   1 6664
   1 6500
   1 6498
   1 6492
   1 6488
   1 6484
   1 6184
   1 6170
   1 6086
   1 6059
   1 6055
   1 6033
   1 6026
   1 6009
   1 60040
   1 60006
   1 59793
   1 59792
   1 59766
   1 59719
   1 59718
   1 59410
   1 59370
   1 59225
   1 59053
   1 5900
   1 58862
   1 58822
   1 58643
   1 58430
   1 57889
   1 57888
   1 57880
   1 5770
   1 5762
   1 57598
   1 57543
   1 57530
   1 5728
   1 56842
   1 56665
   1 56659
   1 56575
   1 56562
   1 56561
   1 56547
   1 56130
   1 5605
   1 55974
   1 5590
   1 55554
   1 5545
   1 55261
   1 5467
   1 54253
   1 5370
   1 5344
   1 52756
   1 52697
   1 52696
   1 52686
   1 52682
   1 52445
   1 52366
   1 52016
   1 52015
   1 51805
   1 51803
   1 51799
   1 51797
   1 4672
   1 4670
   1 4667
   1 4665
   1 4649
   1 46048
   1 46042
   1 46027
   1 46022
   1 46017
   1 45988
   1 45981
   1 45976
   1 45969
   1 45955
   1 45950
   1 45893
   1 4589
   1 45876
   1 45864
   1 45841
   1 45825
   1 45823
   1 45808
   1 45806
   1 45803
   1 45801
   1 45796
   1 45772
   1 45770
   1 45765
   1 45737
   1 45722
   1 45706
   1 45700
   1 45699
   1 45690
   1 45687
   1 45686
   1 45683
   1 45675
   1 45673
   1 45668
   1 45659
   1 45653
   1 45649
   1 45647
   1 45642
   1 45609
   1 45603
   1 45593
   1 45589
   1 45579
   1 45553
   1 45540
   1 45533
   1 45532
   1 45529
   1 45509
   1 45508
   1 45505
   1 45497
   1 45493
   1 45487
   1 45451
   1 45442
   1 45441
   1 45403
   1 45391
   1 45382
   1 45361
   1 45360
   1 45342
   1 45326
   1 45320
   1 45298
   1 45292
   1 45286
   1 45271
   1 45254
   1 45243
   1 45239
   1 45238
   1 45233
   1 45229
   1 45210
   1 45202
   1 45189
   1 45183
   1 45148
   1 45144
   1 45142
   1 45128
   1 45118
   1 45117
   1 45115
   1 45113
   1 45110
   1 45097
   1 45095
   1 45080
   1 45076
   1 45058
   1 45057
   1 45053
   1 45040
   1 45033
   1 45015
   1 45012
   1 45005
   1 44991
   1 44986
   1 44984
   1 44981
   1 44967
   1 44966
   1 44952
   1 44947
   1 44910
   1 44884
   1 44857
   1 44818
   1 44810
   1 44806
   1 44801
   1 44800
   1 44769
   1 44763
   1 44750
   1 44739
   1 44728
   1 44723
   1 44713
   1 44706
   1 44695
   1 44675
   1 44665
   1 44649
   1 44643
   1 44626
   1 44623
   1 44621
   1 44594
   1 44592
   1 44585
   1 44584
   1 44564
   1 44561
   1 44546
   1 44544
   1 44540
   1 44528
   1 44503
   1 44500
   1 44482
   1 44481
   1 44477
   1 44476
   1 44466
   1 44457
   1 44456
   1 44450
   1 44439
   1 44428
   1 44427
   1 44396
   1 44384
   1 44361
   1 44357
   1 44337
   1 44334
   1 44312
   1 44306
   1 44303
   1 44292
   1 44291
   1 44289
   1 44278
   1 44277
   1 44276
   1 44269
   1 44262
   1 44255
   1 44253
   1 44248
   1 44243
   1 44227
   1 44212
   1 44194
   1 44180
   1 44138
   1 44123
   1 44118
   1 44100
   1 44088
   1 43955
   1 43948
   1 43947
   1 43943
   1 43938
   1 43929
   1 43898
   1 43893
   1 43892
   1 43879
   1 43873
   1 43871
   1 43869
   1 43868
   1 43838
   1 43824
   1 43822
   1 43821
   1 43816
   1 43808
   1 43807
   1 43806
   1 43799
   1 43781
   1 43779
   1 43777
   1 43775
   1 43773
   1 43771
   1 43770
   1 43769
   1 43768
   1 43763
   1 43760
   1 43751
   1 43720
   1 43719
   1 43690
   1 43687
   1 43674
   1 43641
   1 43640
   1 43635
   1 43630
   1 43622
   1 43606
   1 43604
   1 43601
   1 43600
   1 43597
   1 43584
   1 43548
   1 43545
   1 43533
   1 43520
   1 43519
   1 43517
   1 43510
   1 43509
   1 43505
   1 43502
   1 43500
   1 43498
   1 43488
   1 43444
   1 43441
   1 43439
   1 43435
   1 43432
   1 43427
   1 43370
   1 43367
   1 43364
   1 43354
   1 43353
   1 43343
   1 43327
   1 43312
   1 43311
   1 43283
   1 43281
   1 43276
   1 43274
   1 43273
   1 43270
   1 43269
   1 43268
   1 43263
   1 43250
   1 43249
   1 43248
   1 43247
   1 43246
   1 43245
   1 43244
   1 43242
   1 43231
   1 43227
   1 43225
   1 43220
   1 43214
   1 43213
   1 43207
   1 43203
   1 43202
   1 43199
   1 43190
   1 43188
   1 43187
   1 43180
   1 43178
   1 43175
   1 43169
   1 43167
   1 43165
   1 43150
   1 43136
   1 43117
   1 43114
   1 43112
   1 43110
   1 43108
   1 43097
   1 43088
   1 43084
   1 43083
   1 43082
   1 43080
   1 43072
   1 43071
   1 43069
   1 43063
   1 43055
   1 43045
   1 43030
   1 43022
   1 43018
   1 43012
   1 43006
   1 43003
   1 43002
   1 42999
   1 42994
   1 42993
   1 42987
   1 42986
   1 42985
   1 42980
   1 42968
   1 42954
   1 42952
   1 42951
   1 42950
   1 42948
   1 42928
   1 42927
   1 42923
   1 42919
   1 42912
   1 42899
   1 42898
   1 42897
   1 42891
   1 42879
   1 42877
   1 42871
   1 42870
   1 42808
   1 42807
   1 42806
   1 42805
   1 42792
   1 42767
   1 42740
   1 42734
   1 42730
   1 42720
   1 42713
   1 42712
   1 42709
   1 42692
   1 42676
   1 42664
   1 42656
   1 42641
   1 42637
   1 42634
   1 42595
   1 42592
   1 42591
   1 42590
   1 42587
   1 42531
   1 42505
   1 42499
   1 42482
   1 42467
   1 42465
   1 42451
   1 42438
   1 42437
   1 42415
   1 42413
   1 42404
   1 42399
   1 42390
   1 42382
   1 42379
   1 42375
   1 42355
   1 42350
   1 42342
   1 42339
   1 42338
   1 42337
   1 42332
   1 42327
   1 42316
   1 42315
   1 42312
   1 42305
   1 42303
   1 42301
   1 42289
   1 42240
   1 42224
   1 42223
   1 42202
   1 42199
   1 42180
   1 42168
   1 42136
   1 42127
   1 42123
   1 42121
   1 42103
   1 42102
   1 42084
   1 42074
   1 42056
   1 42020
   1 42019
   1 42013
   1 42012
   1 41975
   1 41949
   1 41942
   1 41914
   1 41900
   1 41898
   1 41897
   1 41896
   1 41870
   1 41857
   1 41856
   1 41851
   1 41850
   1 41846
   1 41824
   1 41823
   1 41813
   1 41808
   1 41805
   1 41755
   1 41740
   1 41697
   1 41695
   1 41686
   1 41683
   1 41682
   1 41663
   1 41662
   1 41640
   1 41636
   1 41629
   1 41608
   1 41589
   1 41583
   1 41581
   1 41580
   1 41579
   1 41519
   1 41477
   1 41475
   1 41474
   1 41464
   1 41461
   1 41458
   1 41451
   1 41448
   1 41439
   1 41435
   1 41434
   1 41432
   1 41414
   1 41409
   1 41400
   1 41397
   1 41379
   1 41376
   1 41373
   1 41372
   1 41370
   1 41348
   1 41347
   1 41328
   1 41308
   1 41307
   1 41303
   1 41288
   1 41265
   1 41247
   1 41246
   1 41233
   1 41230
   1 41228
   1 41139
   1 41136
   1 41119
   1 41111
   1 41023
   1 41000
   1 40968
   1 40962
   1 40961
   1 40960
   1 40918
   1 40905
   1 40904
   1 40903
   1 40891
   1 40889
   1 40855
   1 40822
   1 40804
   1 40789
   1 40774
   1 40762
   1 40749
   1 40747
   1 40746
   1 40745
   1 40714
   1 40691
   1 40684
   1 40683
   1 40682
   1 40680
   1 40668
   1 40654
   1 40649
   1 40646
   1 40634
   1 40632
   1 40627
   1 40622
   1 40599
   1 40587
   1 40576
   1 40550
   1 40545
   1 40544
   1 40540
   1 40538
   1 40514
   1 40497
   1 40489
   1 40484
   1 40477
   1 40475
   1 40472
   1 40470
   1 40467
   1 40443
   1 40409
   1 40401
   1 40399
   1 40386
   1 40384
   1 40345
   1 40340
   1 40338
   1 40330
   1 40327
   1 40326
   1 40305
   1 40303
   1 40302
   1 40301
   1 40288
   1 40283
   1 40281
   1 40277
   1 40270
   1 40265
   1 40257
   1 40256
   1 40255
   1 40252
   1 40230
   1 40229
   1 40223
   1 40212
   1 40195
   1 40193
   1 40192
   1 40191
   1 40186
   1 40185
   1 40180
   1 40159
   1 40158
   1 40145
   1 40141
   1 40132
   1 40125
   1 40114
   1 40080
   1 40003
   1 39999
   1 39981
   1 39976
   1 39971
   1 39968
   1 39958
   1 39957
   1 39951
   1 39926
   1 39915
   1 39907
   1 39899
   1 39898
   1 39897
   1 39896
   1 39893
   1 39887
   1 39876
   1 39866
   1 39694
   1 39691
   1 39671
   1 39654
   1 39649
   1 39646
   1 39642
   1 39633
   1 39616
   1 39614
   1 39608
   1 39602
   1 39588
   1 39579
   1 39564
   1 39555
   1 39543
   1 39519
   1 39515
   1 39514
   1 39513
   1 39478
   1 39429
   1 39419
   1 39418
   1 39417
   1 39416
   1 39375
   1 39374
   1 39369
   1 39360
   1 39355
   1 39340
   1 39337
   1 39334
   1 39328
   1 39261
   1 39229
   1 39223
   1 39222
   1 39221
   1 39217
   1 39191
   1 39188
   1 39187
   1 39186
   1 39159
   1 39155
   1 39151
   1 39141
   1 39012
   1 39011
   1 38998
   1 38985
   1 38967
   1 38963
   1 38962
   1 38960
   1 38949
   1 38857
   1 38849
   1 38816
   1 38814
   1 38813
   1 38809
   1 38807
   1 38804
   1 38799
   1 38755
   1 38753
   1 38752
   1 38738
   1 38711
   1 38658
   1 38648
   1 38641
   1 38617
   1 38604
   1 38603
   1 38479
   1 38478
   1 38429
   1 38427
   1 38403
   1 38390
   1 38388
   1 38386
   1 38385
   1 38379
   1 38376
   1 38375
   1 38372
   1 38368
   1 38242
   1 38239
   1 38212
   1 38209
   1 38200
   1 38082
   1 38068
   1 38063
   1 38043
   1 38019
   1 37978
   1 37973
   1 37972
   1 3789
   1 37798
   1 37781
   1 37769
   1 37749
   1 37739
   1 37697
   1 37623
   1 37620
   1 37611
   1 37601
   1 37576
   1 37575
   1 37572
   1 37548
   1 37470
   1 37450
   1 37449
   1 37448
   1 37446
   1 37426
   1 37378
   1 37350
   1 37339
   1 37338
   1 37337
   1 37335
   1 37255
   1 37235
   1 37230
   1 37153
   1 37151
   1 37145
   1 37144
   1 37139
   1 37137
   1 37118
   1 37100
   1 37096
   1 37095
   1 3704
   1 37018
   1 37012
   1 37011
   1 36963
   1 36959
   1 36954
   1 36926
   1 36923
   1 36918
   1 36917
   1 36916
   1 36913
   1 36906
   1 36905
   1 36902
   1 36900
   1 3690
   1 36898
   1 36895
   1 36894
   1 36892
   1 36891
   1 36888
   1 36822
   1 36820
   1 36789
   1 36752
   1 36746
   1 36701
   1 36685
   1 36658
   1 36626
   1 36623
   1 36620
   1 36613
   1 36577
   1 36574
   1 36573
   1 36571
   1 36570
   1 36568
   1 36562
   1 36507
   1 36498
   1 36489
   1 36488
   1 36477
   1 36472
   1 36470
   1 36422
   1 36410
   1 36376
   1 36367
   1 36360
   1 36340
   1 36339
   1 36338
   1 36337
   1 36332
   1 36321
   1 36303
   1 36296
   1 36291
   1 36280
   1 36272
   1 36252
   1 36241
   1 36240
   1 36222
   1 36208
   1 36187
   1 36182
   1 36180
   1 36179
   1 36177
   1 36176
   1 36173
   1 36162
   1 36154
   1 36135
   1 36124
   1 36114
   1 36109
   1 36106
   1 36103
   1 36074
   1 36049
   1 36036
   1 36021
   1 36002
   1 36001
   1 35996
   1 35994
   1 35972
   1 35971
   1 35968
   1 35966
   1 35938
   1 35932
   1 35926
   1 35924
   1 35921
   1 35919
   1 35901
   1 35896
   1 35885
   1 35874
   1 35872
   1 35869
   1 35867
   1 35865
   1 35864
   1 35846
   1 35824
   1 35818
   1 35815
   1 35794
   1 35722
   1 35720
   1 35684
   1 35683
   1 35659
   1 35654
   1 35647
   1 35643
   1 35634
   1 35627
   1 35626
   1 35539
   1 35520
   1 35511
   1 35507
   1 35493
   1 35466
   1 35429
   1 35424
   1 35356
   1 35347
   1 35345
   1 35330
   1 35326
   1 35320
   1 35303
   1 35298
   1 35297
   1 35290
   1 35275
   1 35270
   1 35267
   1 35261
   1 35248
   1 35239
   1 35238
   1 35237
   1 35209
   1 35201
   1 35200
   1 35199
   1 35196
   1 35186
   1 35185
   1 35183
   1 35175
   1 35151
   1 35141
   1 35137
   1 35067
   1 35046
   1 35045
   1 35041
   1 35015
   1 35014
   1 35005
   1 35004
   1 35000
   1 34988
   1 34987
   1 34986
   1 34973
   1 34963
   1 34912
   1 34906
   1 34905
   1 34899
   1 34870
   1 34863
   1 34848
   1 34847
   1 34803
   1 34802
   1 34801
   1 34798
   1 34782
   1 34764
   1 34741
   1 34736
   1 34701
   1 34695
   1 34690
   1 34648
   1 34646
   1 34645
   1 34642
   1 34635
   1 34633
   1 34632
   1 34620
   1 34615
   1 34592
   1 34586
   1 34572
   1 34569
   1 34558
   1 34535
   1 34534
   1 34530
   1 34528
   1 34523
   1 34522
   1 34500
   1 34480
   1 34464
   1 34449
   1 34426
   1 34423
   1 34422
   1 34364
   1 34347
   1 34333
   1 34331
   1 34318
   1 34314
   1 34311
   1 34310
   1 34305
   1 34303
   1 34302
   1 34295
   1 34294
   1 34293
   1 34292
   1 34277
   1 34269
   1 34265
   1 34257
   1 34249
   1 34236
   1 34226
   1 34225
   1 34220
   1 34218
   1 34216
   1 34214
   1 34210
   1 34209
   1 34208
   1 34207
   1 34206
   1 34195
   1 34186
   1 34176
   1 34174
   1 34160
   1 34147
   1 34145
   1 34133
   1 34130
   1 34121
   1 34114
   1 34109
   1 34108
   1 34102
   1 34099
   1 34091
   1 34080
   1 34059
   1 34038
   1 34037
   1 34019
   1 34012
   1 33993
   1 33987
   1 33986
   1 33983
   1 33980
   1 33978
   1 33937
   1 33935
   1 33934
   1 33895
   1 33886
   1 33878
   1 33631
   1 33626
   1 33620
   1 33618
   1 33590
   1 33362
   1 33352
   1 33341
   1 33321
   1 33283
   1 33273
   1 33253
   1 33222
   1 33212
   1 33193
   1 33189
   1 33176
   1 33175
   1 33173
   1 33161
   1 33156
   1 33142
   1 33141
   1 33140
   1 33129
   1 33120
   1 33119
   1 33117
   1 33102
   1 33095
   1 33079
   1 33064
   1 33063
   1 33062
   1 33061
   1 33060
   1 33058
   1 33040
   1 33038
   1 33035
   1 33031
   1 33012
   1 33002
   1 33001
   1 32993
   1 32986
   1 32640
   1 32637
   1 3263
   1 32620
   1 32589
   1 32573
   1 32529
   1 32474
   1 32411
   1 32410
   1 32402
   1 32401
   1 32399
   1 32395
   1 32385
   1 32379
   1 32378
   1 32377
   1 32308
   1 32307
   1 32304
   1 32299
   1 32292
   1 32283
   1 32269
   1 32243
   1 32231
   1 32224
   1 32222
   1 32156
   1 32147
   1 32145
   1 32112
   1 32109
   1 32094
   1 32093
   1 32086
   1 32066
   1 32030
   1 32029
   1 32010
   1 32009
   1 32006
   1 31999
   1 31994
   1 31987
   1 31931
   1 31925
   1 31917
   1 31913
   1 31907
   1 31906
   1 31865
   1 31860
   1 31839
   1 31829
   1 31761
   1 31746
   1 31738
   1 31714
   1 31694
   1 31687
   1 31686
   1 31684
   1 31674
   1 31670
   1 31654
   1 31633
   1 31605
   1 31604
   1 31504
   1 31475
   1 31468
   1 31437
   1 31411
   1 31409
   1 31408
   1 31405
   1 31349
   1 3129
   1 3127
   1 3125
   1 31225
   1 3122
   1 312152
   1 312140
   1 312139
   1 312136
   1 312132
   1 312131
   1 312121
   1 312103
   1 312088
   1 312036
   1 312028
   1 31201
   1 311951
   1 311938
   1 311937
   1 31181
   1 31045
   1 31041
   1 31025
   1 31020
   1 31015
   1 31013
   1 31010
   1 31007
   1 31005
   1 30997
   1 30996
   1 30936
   1 30918
   1 30916
   1 30886
   1 30881
   1 30879
   1 30878
   1 30864
   1 30849
   1 30848
   1 30847
   1 30846
   1 30844
   1 30842
   1 30841
   1 30836
   1 30833
   1 30830
   1 30829
   1 3066
   1 30636
   1 30630
   1 30629
   1 30627
   1 30612
   1 3059
   1 30582
   1 30574
   1 3057
   1 30565
   1 30562
   1 30561
   1 30560
   1 30558
   1 30539
   1 3052
   1 3049
   1 30378
   1 30364
   1 30361
   1 30326
   1 29951
   1 29949
   1 29947
   1 2994
   1 29930
   1 29929
   1 29918
   1 29907
   1 29710
   1 29674
   1 29663
   1 29619
   1 29303
   1 29295
   1 29294
   1 29288
   1 29275
   1 29273
   1 29272
   1 29269
   1 29265
   1 29122
   1 29118
   1 29116
   1 29113
   1 29094
   1 29072
   1 29050
   1 29042
   1 29025
   1 29021
   1 29015
   1 28931
   1 28902
   1 28901
   1 28899
   1 28896
   1 28895
   1 28867
   1 28866
   1 28865
   1 28864
   1 28856
   1 28854
   1 28852
   1 28850
   1 28841
   1 28837
   1 28823
   1 28821
   1 28818
   1 28817
   1 28813
   1 28809
   1 28807
   1 28794
   1 28793
   1 28635
   1 28634
   1 28626
   1 28621
   1 28598
   1 28596
   1 28591
   1 28581
   1 28574
   1 28569
   1 28561
   1 28551
   1 28549
   1 28546
   1 28535
   1 28507
   1 28495
   1 28493
   1 28479
   1 28478
   1 28455
   1 28426
   1 28418
   1 28416
   1 28403
   1 28383
   1 28377
   1 28375
   1 28372
   1 28361
   1 28352
   1 28351
   1 28306
   1 28124
   1 28117
   1 28096
   1 28085
   1 28073
   1 28063
   1 2801
   1 27988
   1 27986
   1 27985
   1 27984
   1 27983
   1 27975
   1 27970
   1 27962
   1 27944
   1 27934
   1 27933
   1 27903
   1 27902
   1 2790
   1 27896
   1 27880
   1 2788
   1 27802
   1 27798
   1 27796
   1 27780
   1 27779
   1 27777
   1 27752
   1 27732
   1 27724
   1 27722
   1 27699
   1 27698
   1 27697
   1 27692
   1 27690
   1 27689
   1 27670
   1 27662
   1 27652
   1 27614
   1 27412
   1 27411
   1 27406
   1 27405
   1 27403
   1 27320
   1 27309
   1 27308
   1 27301
   1 27300
   1 27291
   1 27284
   1 27268
   1 27267
   1 27246
   1 27245
   1 27234
   1 27180
   1 27179
   1 27161
   1 27159
   1 27158
   1 27144
   1 27140
   1 27133
   1 27029
   1 26985
   1 26981
   1 26980
   1 26955
   1 26944
   1 26938
   1 26900
   1 26835
   1 26834
   1 26826
   1 26825
   1 26820
   1 26809
   1 26805
   1 26804
   1 26790
   1 26784
   1 26435
   1 26419
   1 26417
   1 26407
   1 26403
   1 26402
   1 26395
   1 26390
   1 26389
   1 26387
   1 26386
   1 26382
   1 26381
   1 26370
   1 26328
   1 26327
   1 26322
   1 25975
   1 25969
   1 25965
   1 25960
   1 25959
   1 25958
   1 25951
   1 25894
   1 25877
   1 25874
   1 25858
   1 25830
   1 25827
   1 25819
   1 25817
   1 25811
   1 25805
   1 25803
   1 25787
   1 25756
   1 25752
   1 25748
   1 25747
   1 25742
   1 25741
   1 25695
   1 25682
   1 25681
   1 25673
   1 25672
   1 25667
   1 25627
   1 25626
   1 25623
   1 25589
   1 25561
   1 25560
   1 25548
   1 25539
   1 25502
   1 25393
   1 25364
   1 25339
   1 25313
   1 25312
   1 25282
   1 25281
   1 25277
   1 25268
   1 25267
   1 25236
   1 25227
   1 25225
   1 25217
   1 25215
   1 25214
   1 25213
   1 25212
   1 25204
   1 25203
   1 25186
   1 25140
   1 25097
   1 25095
   1 25094
   1 25092
   1 25069
   1 25059
   1 25045
   1 24902
   1 24896
   1 24895
   1 24890
   1 24889
   1 24885
   1 24884
   1 24049
   1 24015
   1 23985
   1 23983
   1 23982
   1 23981
   1 23980
   1 23979
   1 23973
   1 23885
   1 23884
   1 23879
   1 23867
   1 23862
   1 23861
   1 23843
   1 23838
   1 23835
   1 23815
   1 23802
   1 23799
   1 23776
   1 2377
   1 2375
   1 23745
   1 23740
   1 23738
   1 23737
   1 23735
   1 23729
   1 23721
   1 23569
   1 23548
   1 23547
   1 23537
   1 23528
   1 23511
   1 23504
   1 23498
   1 23496
   1 23494
   1 23487
   1 23460
   1 234049
   1 23394
   1 233
   1 23242
   1 23207
   1 23205
   1 23187
   1 23176
   1 23172
   1 23166
   1 23151
   1 23148
   1 23146
   1 23140
   1 23139
   1 22955
   1 22954
   1 22678
   1 22672
   1 22634
   1 22611
   1 22574
   1 22563
   1 22480
   1 22471
   1 22429
   1 22425
   1 22423
   1 22343
   1 22329
   1 22328
   1 22319
   1 22313
   1 21910
   1 21906
   1 21898
   1 21826
   1 21801
   1 21760
   1 21744
   1 21738
   1 21732
   1 21705
   1 21703
   1 21668
   1 21451
   1 21444
   1 21424
   1 21416
   1 21414
   1 21405
   1 21402
   1 21398
   1 21396
   1 21386
   1 21382
   1 21376
   1 21374
   1 21052
   1 20895
   1 20817
   1 20816
   1 20807
   1 20793
   1 20777
   1 20755
   1 20741
   1 20739
   1 20738
   1 20735
   1 20724
   1 20483
   1 20348
   1 20347
   1 20346
   1 20343
   1 20338
   1 20335
   1 20333
   1 20330
   1 20309
   1 20308
   1 20298
   1 20290
   1 20285
   1 20283
   1 20280
   1 20276
   1 20252
   1 20207
   1 20204
   1 20202
   1 20196
   1 20189
   1 20116
   1 20101
   1 20079
   1 19977
   1 19944
   1 199
   1 19835
   1 19825
   1 19821
   1 19817
   1 19810
   1 19775
   1 19768
   1 19755
   1 19753
   1 19749
   1 19747
   1 19741
   1 19733
   1 19729
   1 19721
   1 19720
   1 19625
   1 19295
   1 19292
   1 19283
   1 18632
   1 18611
   1 18591
   1 18589
   1 18552
   1 18523
   1 18475
   1 18473
   1 18467
   1 18463
   1 18462
   1 18413
   1 18396
   1 18390
   1 18382
   1 18357
   1 18355
   1 1834
   1 18333
   1 18320
   1 18314
   1 18313
   1 18306
   1 18300
   1 18299
   1 18295
   1 18293
   1 18290
   1 18275
   1 18270
   1 18267
   1 18264
   1 18257
   1 18243
   1 18235
   1 18227
   1 18226
   1 17847
   1 17814
   1 17811
   1 17802
   1 17794
   1 17782
   1 17777
   1 17769
   1 17767
   1 17764
   1 17182
   1 17181
   1 17098
   1 17087
   1 17083
   1 16987
   1 16931
   1 16783
   1 16780
   1 16775
   1 16773
   1 16760
   1 16742
   1 16630
   1 16624
   1 16619
   1 16612
   1 16530
   1 16528
   1 16516
   1 16510
   1 16488
   1 16486
   1 16482
   1 16476
   1 16461
   1 16459
   1 16449
   1 16442
   1 16439
   1 16437
   1 16434
   1 16433
   1 16431
   1 16430
   1 16416
   1 16389
   1 16387
   1 16376
   1 16373
   1 16370
   1 16354
   1 16345
   1 16343
   1 16329
   1 16320
   1 16319
   1 16309
   1 16298
   1 16297
   1 16293
   1 16282
   1 16276
   1 16272
   1 16264
   1 16260
   1 16229
   1 16212
   1 16205
   1 16200
   1 16192
   1 16184
   1 16173
   1 16171
   1 16164
   1 16161
   1 16153
   1 16088
   1 16086
   1 16084
   1 16078
   1 16074
   1 16073
   1 16072
   1 16041
   1 16038
   1 16036
   1 16032
   1 16021
   1 16009
   1 16004
   1 15935
   1 15933
   1 15929
   1 15917
   1 15907
   1 15874
   1 15814
   1 15796
   1 15736
   1 15728
   1 15708
   1 15704
   1 15700
   1 15699
   1 15678
   1 15671
   1 15660
   1 15659
   1 15658
   1 15657
   1 15364
   1 15358
   1 15352
   1 15342
   1 15063
   1 15025
   1 15018
   1 14953
   1 14950
   1 14947
   1 1494
   1 14932
   1 14930
   1 14911
   1 14904
   1 1490
   1 14858
   1 136
   1 1277
   1 117865
   1 117856
   1 117805
   1 117792
   1 117788
   1 117787
   1 117777
   1 117763
   1 117751
   1 117708
   1 117697
   1 117671
   1 117631
   1 117629
   1 117594
   1 117579
   1 117498
   1 117382
   1 117291
   1 117278
   1 117221
   1 117188
   1 117182
   1 117166
   1 117151
   1 117088
   1 117070
   1 116876
   1 116764
   1 116762
   1 116761
   1 116753
   1 116739
   1 116729
   1 116629
   1 116614
   1 116607
   1 116606
   1 116526
   1 116407
   1 116279
   1 116275
   1 116273
   1 116256
   1 116215
   1 116214
   1 116127
   1 116109
   1 116108
   1 116075
   1 115981
   1 115980
   1 115961
   1 115959
   1 115958
   1 115951
   1 115930
   1 115928
   1 115831
   1 115809
   1 115774
   1 115529
   1 115477
   1 115394
   1 115357
   1 115355
   1 115352
   1 115327
   1 115313
   1 115199
   1 115192
   1 115187
   1 115183
   1 115131
   1 115057
   1 115010
   1 114963
   1 114862
   1 114826
   1 114823
   1 114822
   1 114821
   1 114819
   1 114810
   1 114654
   1 114633
   1 114621
   1 114478
   1 114477
   1 114434
   1 114274
   1 114272
   1 114267
   1 114263
   1 114235
   1 114226
   1 114217
   1 114108
   1 114099
   1 114077
   1 114069
   1 114049
   1 114042
   1 113949
   1 113914
   1 113912
   1 113907
   1 113904
   1 113726
   1 113725
   1 113700
   1 113672
   1 113572
   1 113535
   1 113325
   1 113266
   1 113262
   1 113247
   1 113091
   1 113041
   1 112874
   1 112856
   1 112855
   1 112848
   1 112842
   1 112828
   1 112805
   1 112669
   1 112631
   1 112630
   1 112627
   1 112615
   1 112600
   1 112581
   1 112579
   1 112577
   1 112574
   1 112552
   1 112392
   1 112391
   1 112384
   1 112374
   1 112360
   1 112338
   1 112330
   1 112130
   1 112129
   1 112127
   1 112126
   1 112123
   1 112098
   1 112080
   1 111915
   1 111912
   1 111896
   1 111884
   1 111869
   1 111853
   1 111705
   1 111655
   1 111653
   1 111652
   1 111647
   1 111637
   1 111621
   1 111590
   1 111589
   1 111578
   1 111445
   1 111394
   1 111389
   1 111351
   1 111332
   1 111141
   1 111123
   1 111102
   1 111090
   1 111089
   1 110866
   1 110847
   1 110846
   1 110845
   1 110823
   1 110614
   1 110602
   1 110567
   1 110564
   1 1105
   1 110357
   1 110329
   1 110326
   1 110325
   1 110276
   1 110235
   1 110112
   1 110101
   1 110057
   1 110056
   1 110051
   1 110048
   1 110042
   1 110019
   1 109972
   1 109770
   1 109768
   1 109753
   1 109744
   1 109741
   1 109716
   1 109545
   1 109478
   1 109477
   1 109469
   1 109464
   1 109442
   1 109402
   1 109400
   1 109365
   1 1093
   1 109177
   1 109145
   1 109084
   1 108818
   1 108817
   1 108566
   1 108526
   1 108494
   1 108492
   1 108266
   1 108237
   1 108235
   1 108224
   1 108223
   1 108216
   1 108208
   1 108115
   1 107985
   1 107982
   1 107908
   1 107906
   1 107901
   1 107867
   1 107802
   1 107623
   1 107554
   1 107522
   1 107503
   1 107228
   1 107226
   1 107224
   1 107223
   1 107222
   1 107218
   1 107200
   1 107191
   1 107182
   1 107181
   1 106966
   1 106873
   1 106868
   1 106836
   1 106798
   1 106584
   1 106581
   1 106564
   1 106554
   1 106550
   1 106545
   1 106541
   1 106492
   1 106306
   1 106205
   1 106203
   1 1062
   1 106194
   1 106192
   1 106164
   1 106148
   1 106140
   1 105808
   1 105803
   1 105792
   1 105766
   1 105765
   1 105753
   1 105487
   1 105479
   1 105478
   1 105382
   1 105365
   1 105080
   1 105075
   1 105073
   1 105062
   1 105057
   1 105046
   1 105019
   1 105006
   1 104961
   1 104958
   1 104699
   1 104698
   1 104693
   1 104687
   1 104679
   1 104668
   1 104667
   1 104640
   1 104618
   1 104599
   1 104323
   1 104322
   1 104316
   1 104315
   1 104307
   1 104287
   1 104273
   1 104259
   1 104252
   1 104250
   1 103944
   1 103928
   1 103927
   1 103919
   1 103910
   1 103899
   1 103890
   1 103867
   1 103845
   1 103830
   1 103534
   1 103530
   1 103515
   1 103486
   1 103462
   1 103456
   1 103444
   1 103401
   1 103239
   1 1032
   1 103120
   1 103116
   1 103080
   1 103048
   1 103045
   1 103037
   1 1029
   1 102701
   1 102700
   1 102699
   1 102695
   1 102694
   1 102654
   1 102652
   1 102630
   1 102625
   1 102622
   1 102619
   1 1024
   1 102305
   1 102304
   1 102289
   1 102288
   1 102270
   1 102253
   1 102228
   1 102220
   1 102187
   1 102180
   1 102156
   1 101949
   1 101917
   1 1019
   1 101857
   1 101856
   1 101852
   1 101844
   1 101813
   1 101783
   1 101782
   1 1017
   1 1016
   1 101407
   1 101394
   1 101385
   1 101364
   1 101349
   1 101333
   1 100970
   1 100968
   1 100948
   1 100946
   1 100935
   1 100929
   1 100917
   1 100886
   1 100821
   1 1007
   1 100614
   1 100515
   1 100514
   1 100511
   1 100508
   1 100497
   1 100475
   1 100473
   1 100436
   1 100413
   1 1001
   1 100038
   1 100031
   1 100028
   1 100003
